  2   0
     1  0.1901165E+01  0.1208230E+00 -0.0000000E+00
     2  0.1904041E+01  0.6044200E-01 -0.0000000E+00
     3  0.0000000E+00  0.0000000E+00  0.0000000E+00
     4  0.1905000E+01  0.0000000E+00 -0.0000000E+00
     5  0.1904041E+01 -0.6044200E-01 -0.0000000E+00
     6  0.1881071E+01  0.3009930E+00 -0.0000000E+00
     7  0.1889674E+01  0.2411590E+00 -0.0000000E+00
     8  0.1896374E+01  0.1810820E+00 -0.0000000E+00
     9  0.1843942E+01  0.4784370E+00 -0.0000000E+00
    10  0.1858194E+01  0.4196920E+00 -0.0000000E+00
    11  0.1870574E+01  0.3605240E+00 -0.0000000E+00
    12  0.1790114E+01  0.6515480E+00 -0.0000000E+00
    13  0.1809886E+01  0.5944240E+00 -0.0000000E+00
    14  0.1827834E+01  0.5367010E+00 -0.0000000E+00
    15  0.1720075E+01  0.8187590E+00 -0.0000000E+00
    16  0.1745187E+01  0.7637730E+00 -0.0000000E+00
    17  0.1768541E+01  0.7080170E+00 -0.0000000E+00
    18  0.1634458E+01  0.9785550E+00 -0.0000000E+00
    19  0.1664683E+01  0.9262050E+00 -0.0000000E+00
    20  0.1693232E+01  0.8729220E+00 -0.0000000E+00
    21  0.1534040E+01  0.1129490E+01 -0.0000000E+00
    22  0.1569104E+01  0.1080249E+01 -0.0000000E+00
    23  0.1602588E+01  0.1029921E+01 -0.0000000E+00
    24  0.1419729E+01  0.1270195E+01 -0.0000000E+00
    25  0.1459315E+01  0.1224510E+01 -0.0000000E+00
    26  0.1497431E+01  0.1177593E+01 -0.0000000E+00
    27  0.1292560E+01  0.1399397E+01 -0.0000000E+00
    28  0.1336310E+01  0.1357682E+01 -0.0000000E+00
    29  0.1378713E+01  0.1314600E+01 -0.0000000E+00
    30  0.1153686E+01  0.1515926E+01 -0.0000000E+00
    31  0.1201203E+01  0.1478559E+01 -0.0000000E+00
    32  0.1247510E+01  0.1439703E+01 -0.0000000E+00
    33  0.1004364E+01  0.1618727E+01 -0.0000000E+00
    34  0.1055218E+01  0.1586046E+01 -0.0000000E+00
    35  0.1105008E+01  0.1551767E+01 -0.0000000E+00
    36  0.8459470E+00  0.1706868E+01 -0.0000000E+00
    37  0.8996760E+00  0.1679169E+01 -0.0000000E+00
    38  0.9525000E+00  0.1649778E+01 -0.0000000E+00
    39  0.6798680E+00  0.1779552E+01 -0.0000000E+00
    40  0.7359870E+00  0.1757085E+01 -0.0000000E+00
    41  0.7913660E+00  0.1732849E+01 -0.0000000E+00
    42  0.5076330E+00  0.1836119E+01 -0.0000000E+00
    43  0.5656330E+00  0.1819089E+01 -0.0000000E+00
    44  0.6230640E+00  0.1800227E+01 -0.0000000E+00
    45  0.3308000E+00  0.1876059E+01 -0.0000000E+00
    46  0.3901570E+00  0.1864619E+01 -0.0000000E+00
    47  0.4491210E+00  0.1851301E+01 -0.0000000E+00
    48  0.1509710E+00  0.1899008E+01 -0.0000000E+00
    49  0.2111470E+00  0.1893262E+01 -0.0000000E+00
    50  0.2711100E+00  0.1885610E+01 -0.0000000E+00
    51 -0.3022500E-01  0.1904760E+01 -0.0000000E+00
    52  0.3022500E-01  0.1904760E+01 -0.0000000E+00
    53  0.9064400E-01  0.1902842E+01 -0.0000000E+00
    54 -0.2111470E+00  0.1893262E+01 -0.0000000E+00
    55 -0.1509710E+00  0.1899008E+01 -0.0000000E+00
    56 -0.9064400E-01  0.1902842E+01 -0.0000000E+00
    57 -0.3901570E+00  0.1864619E+01 -0.0000000E+00
    58 -0.3308000E+00  0.1876059E+01 -0.0000000E+00
    59 -0.2711100E+00  0.1885610E+01 -0.0000000E+00
    60 -0.5656330E+00  0.1819089E+01 -0.0000000E+00
    61 -0.5076330E+00  0.1836119E+01 -0.0000000E+00
    62 -0.4491210E+00  0.1851301E+01 -0.0000000E+00
    63 -0.7359870E+00  0.1757085E+01 -0.0000000E+00
    64 -0.6798680E+00  0.1779552E+01 -0.0000000E+00
    65 -0.6230640E+00  0.1800227E+01 -0.0000000E+00
    66 -0.8996760E+00  0.1679169E+01 -0.0000000E+00
    67 -0.8459470E+00  0.1706868E+01 -0.0000000E+00
    68 -0.7913660E+00  0.1732849E+01 -0.0000000E+00
    69 -0.1055218E+01  0.1586046E+01 -0.0000000E+00
    70 -0.1004364E+01  0.1618727E+01 -0.0000000E+00
    71 -0.9525000E+00  0.1649778E+01 -0.0000000E+00
    72 -0.1201203E+01  0.1478559E+01 -0.0000000E+00
    73 -0.1153686E+01  0.1515926E+01 -0.0000000E+00
    74 -0.1105008E+01  0.1551767E+01 -0.0000000E+00
    75 -0.1336310E+01  0.1357682E+01 -0.0000000E+00
    76 -0.1292560E+01  0.1399397E+01 -0.0000000E+00
    77 -0.1247510E+01  0.1439703E+01 -0.0000000E+00
    78 -0.1459315E+01  0.1224510E+01 -0.0000000E+00
    79 -0.1419729E+01  0.1270195E+01 -0.0000000E+00
    80 -0.1378713E+01  0.1314600E+01 -0.0000000E+00
    81 -0.1569104E+01  0.1080249E+01 -0.0000000E+00
    82 -0.1534040E+01  0.1129490E+01 -0.0000000E+00
    83 -0.1497431E+01  0.1177593E+01 -0.0000000E+00
    84 -0.1664683E+01  0.9262050E+00 -0.0000000E+00
    85 -0.1634458E+01  0.9785550E+00 -0.0000000E+00
    86 -0.1602588E+01  0.1029921E+01 -0.0000000E+00
    87 -0.1745187E+01  0.7637730E+00 -0.0000000E+00
    88 -0.1720075E+01  0.8187590E+00 -0.0000000E+00
    89 -0.1693232E+01  0.8729220E+00 -0.0000000E+00
    90 -0.1809886E+01  0.5944240E+00 -0.0000000E+00
    91 -0.1790114E+01  0.6515480E+00 -0.0000000E+00
    92 -0.1768541E+01  0.7080170E+00 -0.0000000E+00
    93 -0.1858194E+01  0.4196920E+00 -0.0000000E+00
    94 -0.1843942E+01  0.4784370E+00 -0.0000000E+00
    95 -0.1827834E+01  0.5367010E+00 -0.0000000E+00
    96 -0.1889674E+01  0.2411590E+00 -0.0000000E+00
    97 -0.1881071E+01  0.3009930E+00 -0.0000000E+00
    98 -0.1870574E+01  0.3605240E+00 -0.0000000E+00
    99 -0.1904041E+01  0.6044200E-01 -0.0000000E+00
   100 -0.1901165E+01  0.1208230E+00 -0.0000000E+00
   101 -0.1896374E+01  0.1810820E+00 -0.0000000E+00
   102 -0.1901165E+01 -0.1208230E+00 -0.0000000E+00
   103 -0.1904041E+01 -0.6044200E-01 -0.0000000E+00
   104 -0.1905000E+01  0.0000000E+00 -0.0000000E+00
   105 -0.1881071E+01 -0.3009930E+00 -0.0000000E+00
   106 -0.1889674E+01 -0.2411590E+00 -0.0000000E+00
   107 -0.1896374E+01 -0.1810820E+00 -0.0000000E+00
   108 -0.1843942E+01 -0.4784370E+00 -0.0000000E+00
   109 -0.1858194E+01 -0.4196920E+00 -0.0000000E+00
   110 -0.1870574E+01 -0.3605240E+00 -0.0000000E+00
   111 -0.1790114E+01 -0.6515480E+00 -0.0000000E+00
   112 -0.1809886E+01 -0.5944240E+00 -0.0000000E+00
   113 -0.1827834E+01 -0.5367010E+00 -0.0000000E+00
   114 -0.1720075E+01 -0.8187590E+00 -0.0000000E+00
   115 -0.1745187E+01 -0.7637730E+00 -0.0000000E+00
   116 -0.1768541E+01 -0.7080170E+00 -0.0000000E+00
   117 -0.1634458E+01 -0.9785550E+00 -0.0000000E+00
   118 -0.1664683E+01 -0.9262050E+00 -0.0000000E+00
   119 -0.1693232E+01 -0.8729220E+00 -0.0000000E+00
   120 -0.1534040E+01 -0.1129490E+01 -0.0000000E+00
   121 -0.1569104E+01 -0.1080249E+01 -0.0000000E+00
   122 -0.1602588E+01 -0.1029921E+01 -0.0000000E+00
   123 -0.1419729E+01 -0.1270195E+01 -0.0000000E+00
   124 -0.1459315E+01 -0.1224510E+01 -0.0000000E+00
   125 -0.1497431E+01 -0.1177593E+01 -0.0000000E+00
   126 -0.1292560E+01 -0.1399397E+01 -0.0000000E+00
   127 -0.1336310E+01 -0.1357682E+01 -0.0000000E+00
   128 -0.1378713E+01 -0.1314600E+01 -0.0000000E+00
   129 -0.1153686E+01 -0.1515926E+01 -0.0000000E+00
   130 -0.1201203E+01 -0.1478559E+01 -0.0000000E+00
   131 -0.1247510E+01 -0.1439703E+01 -0.0000000E+00
   132 -0.1004364E+01 -0.1618727E+01 -0.0000000E+00
   133 -0.1055218E+01 -0.1586046E+01 -0.0000000E+00
   134 -0.1105008E+01 -0.1551767E+01 -0.0000000E+00
   135 -0.8459470E+00 -0.1706868E+01 -0.0000000E+00
   136 -0.8996760E+00 -0.1679169E+01 -0.0000000E+00
   137 -0.9525000E+00 -0.1649778E+01 -0.0000000E+00
   138 -0.6798680E+00 -0.1779552E+01 -0.0000000E+00
   139 -0.7359870E+00 -0.1757085E+01 -0.0000000E+00
   140 -0.7913660E+00 -0.1732849E+01 -0.0000000E+00
   141 -0.5076330E+00 -0.1836119E+01 -0.0000000E+00
   142 -0.5656330E+00 -0.1819089E+01 -0.0000000E+00
   143 -0.6230640E+00 -0.1800227E+01 -0.0000000E+00
   144 -0.3308000E+00 -0.1876059E+01 -0.0000000E+00
   145 -0.3901570E+00 -0.1864619E+01 -0.0000000E+00
   146 -0.4491210E+00 -0.1851301E+01 -0.0000000E+00
   147 -0.1509710E+00 -0.1899008E+01 -0.0000000E+00
   148 -0.2111470E+00 -0.1893262E+01 -0.0000000E+00
   149 -0.2711100E+00 -0.1885610E+01 -0.0000000E+00
   150  0.3022500E-01 -0.1904760E+01 -0.0000000E+00
   151 -0.3022500E-01 -0.1904760E+01 -0.0000000E+00
   152 -0.9064400E-01 -0.1902842E+01 -0.0000000E+00
   153  0.2111470E+00 -0.1893262E+01 -0.0000000E+00
   154  0.1509710E+00 -0.1899008E+01 -0.0000000E+00
   155  0.9064400E-01 -0.1902842E+01 -0.0000000E+00
   156  0.3901570E+00 -0.1864619E+01 -0.0000000E+00
   157  0.3308000E+00 -0.1876059E+01 -0.0000000E+00
   158  0.2711100E+00 -0.1885610E+01 -0.0000000E+00
   159  0.5656330E+00 -0.1819089E+01 -0.0000000E+00
   160  0.5076330E+00 -0.1836119E+01 -0.0000000E+00
   161  0.4491210E+00 -0.1851301E+01 -0.0000000E+00
   162  0.7359870E+00 -0.1757085E+01 -0.0000000E+00
   163  0.6798680E+00 -0.1779552E+01 -0.0000000E+00
   164  0.6230640E+00 -0.1800227E+01 -0.0000000E+00
   165  0.8996760E+00 -0.1679169E+01 -0.0000000E+00
   166  0.8459470E+00 -0.1706868E+01 -0.0000000E+00
   167  0.7913660E+00 -0.1732849E+01 -0.0000000E+00
   168  0.1055218E+01 -0.1586046E+01 -0.0000000E+00
   169  0.1004364E+01 -0.1618727E+01 -0.0000000E+00
   170  0.9525000E+00 -0.1649778E+01 -0.0000000E+00
   171  0.1201203E+01 -0.1478559E+01 -0.0000000E+00
   172  0.1153686E+01 -0.1515926E+01 -0.0000000E+00
   173  0.1105008E+01 -0.1551767E+01 -0.0000000E+00
   174  0.1336310E+01 -0.1357682E+01 -0.0000000E+00
   175  0.1292560E+01 -0.1399397E+01 -0.0000000E+00
   176  0.1247510E+01 -0.1439703E+01 -0.0000000E+00
   177  0.1459315E+01 -0.1224510E+01 -0.0000000E+00
   178  0.1419729E+01 -0.1270195E+01 -0.0000000E+00
   179  0.1378713E+01 -0.1314600E+01 -0.0000000E+00
   180  0.1569104E+01 -0.1080249E+01 -0.0000000E+00
   181  0.1534040E+01 -0.1129490E+01 -0.0000000E+00
   182  0.1497431E+01 -0.1177593E+01 -0.0000000E+00
   183  0.1664683E+01 -0.9262050E+00 -0.0000000E+00
   184  0.1634458E+01 -0.9785550E+00 -0.0000000E+00
   185  0.1602588E+01 -0.1029921E+01 -0.0000000E+00
   186  0.1745187E+01 -0.7637730E+00 -0.0000000E+00
   187  0.1720075E+01 -0.8187590E+00 -0.0000000E+00
   188  0.1693232E+01 -0.8729220E+00 -0.0000000E+00
   189  0.1809886E+01 -0.5944240E+00 -0.0000000E+00
   190  0.1790114E+01 -0.6515480E+00 -0.0000000E+00
   191  0.1768541E+01 -0.7080170E+00 -0.0000000E+00
   192  0.1858194E+01 -0.4196920E+00 -0.0000000E+00
   193  0.1843942E+01 -0.4784370E+00 -0.0000000E+00
   194  0.1827834E+01 -0.5367010E+00 -0.0000000E+00
   195  0.1889674E+01 -0.2411590E+00 -0.0000000E+00
   196  0.1881071E+01 -0.3009930E+00 -0.0000000E+00
   197  0.1870574E+01 -0.3605240E+00 -0.0000000E+00
   198  0.1901165E+01 -0.1208230E+00 -0.0000000E+00
   199  0.1896374E+01 -0.1810820E+00 -0.0000000E+00
   200 -0.1336310E+01 -0.1357682E+01 -0.1219200E+01
   201 -0.1411771E+01 -0.1389984E+01 -0.1219200E+01
   202 -0.1378713E+01 -0.1314600E+01 -0.1219200E+01
   203 -0.1454317E+01 -0.1345406E+01 -0.1219200E+01
   204 -0.1419729E+01 -0.1270195E+01 -0.1219200E+01
   205 -0.1495455E+01 -0.1299526E+01 -0.1219200E+01
   206 -0.1459315E+01 -0.1224510E+01 -0.1219200E+01
   207 -0.1535147E+01 -0.1252389E+01 -0.1219200E+01
   208 -0.1497431E+01 -0.1177593E+01 -0.1219200E+01
   209 -0.1573353E+01 -0.1204040E+01 -0.1219200E+01
   210 -0.1534040E+01 -0.1129490E+01 -0.1219200E+01
   211 -0.1610038E+01 -0.1154527E+01 -0.1219200E+01
   212 -0.1569104E+01 -0.1080249E+01 -0.1219200E+01
   213 -0.1645165E+01 -0.1103896E+01 -0.1219200E+01
   214 -0.1602588E+01 -0.1029921E+01 -0.1219200E+01
   215 -0.1678700E+01 -0.1052198E+01 -0.1219200E+01
   216 -0.1634458E+01 -0.9785550E+00 -0.1219200E+01
   217 -0.1710611E+01 -0.9994810E+00 -0.1219200E+01
   218 -0.1664683E+01 -0.9262050E+00 -0.1219200E+01
   219 -0.1740867E+01 -0.9457980E+00 -0.1219200E+01
   220 -0.1693232E+01 -0.8729220E+00 -0.1219200E+01
   221 -0.1769439E+01 -0.8912000E+00 -0.1219200E+01
   222 -0.1720075E+01 -0.8187590E+00 -0.1219200E+01
   223 -0.1796300E+01 -0.8357400E+00 -0.1219200E+01
   224 -0.1745187E+01 -0.7637730E+00 -0.1219200E+01
   225 -0.1821422E+01 -0.7794710E+00 -0.1219200E+01
   226 -0.1768541E+01 -0.7080170E+00 -0.1219200E+01
   227 -0.1844783E+01 -0.7224480E+00 -0.1219200E+01
   228 -0.1790114E+01 -0.6515480E+00 -0.1219200E+01
   229 -0.1866358E+01 -0.6647260E+00 -0.1219200E+01
   230 -0.1809886E+01 -0.5944240E+00 -0.1219200E+01
   231 -0.1886128E+01 -0.6063610E+00 -0.1219200E+01
   232 -0.1827834E+01 -0.5367010E+00 -0.1219200E+01
   233 -0.1904074E+01 -0.5474090E+00 -0.1219200E+01
   234 -0.1843942E+01 -0.4784370E+00 -0.1219200E+01
   235 -0.1920177E+01 -0.4879280E+00 -0.1219200E+01
   236 -0.1858194E+01 -0.4196920E+00 -0.1219200E+01
   237 -0.1934423E+01 -0.4279750E+00 -0.1219200E+01
   238 -0.1870574E+01 -0.3605240E+00 -0.1219200E+01
   239 -0.1946797E+01 -0.3676070E+00 -0.1219200E+01
   240 -0.1881071E+01 -0.3009930E+00 -0.1219200E+01
   241 -0.1957288E+01 -0.3068840E+00 -0.1219200E+01
   242 -0.1889674E+01 -0.2411590E+00 -0.1219200E+01
   243 -0.1965885E+01 -0.2458640E+00 -0.1219200E+01
   244 -0.1896374E+01 -0.1810820E+00 -0.1219200E+01
   245 -0.1972580E+01 -0.1846070E+00 -0.1219200E+01
   246 -0.1901165E+01 -0.1208230E+00 -0.1219200E+01
   247 -0.1977368E+01 -0.1231700E+00 -0.1219200E+01
   248 -0.1904041E+01 -0.6044200E-01 -0.1219200E+01
   249 -0.1980242E+01 -0.6161500E-01 -0.1219200E+01
   250 -0.1905000E+01  0.0000000E+00 -0.1219200E+01
   251 -0.1981200E+01  0.0000000E+00 -0.1219200E+01
   252 -0.1904041E+01  0.6044200E-01 -0.1219200E+01
   253 -0.1980242E+01  0.6161500E-01 -0.1219200E+01
   254 -0.1901165E+01  0.1208230E+00 -0.1219200E+01
   255 -0.1977368E+01  0.1231700E+00 -0.1219200E+01
   256 -0.1896374E+01  0.1810820E+00 -0.1219200E+01
   257 -0.1972580E+01  0.1846070E+00 -0.1219200E+01
   258 -0.1889674E+01  0.2411590E+00 -0.1219200E+01
   259 -0.1965885E+01  0.2458640E+00 -0.1219200E+01
   260 -0.1881071E+01  0.3009930E+00 -0.1219200E+01
   261 -0.1957288E+01  0.3068840E+00 -0.1219200E+01
   262 -0.1870574E+01  0.3605240E+00 -0.1219200E+01
   263 -0.1946797E+01  0.3676070E+00 -0.1219200E+01
   264 -0.1858194E+01  0.4196920E+00 -0.1219200E+01
   265 -0.1934423E+01  0.4279750E+00 -0.1219200E+01
   266 -0.1843942E+01  0.4784370E+00 -0.1219200E+01
   267 -0.1920177E+01  0.4879280E+00 -0.1219200E+01
   268 -0.1827834E+01  0.5367010E+00 -0.1219200E+01
   269 -0.1904074E+01  0.5474090E+00 -0.1219200E+01
   270 -0.1809886E+01  0.5944240E+00 -0.1219200E+01
   271 -0.1886128E+01  0.6063610E+00 -0.1219200E+01
   272 -0.1790114E+01  0.6515480E+00 -0.1219200E+01
   273 -0.1866358E+01  0.6647260E+00 -0.1219200E+01
   274 -0.1768541E+01  0.7080170E+00 -0.1219200E+01
   275 -0.1844783E+01  0.7224480E+00 -0.1219200E+01
   276 -0.1745187E+01  0.7637730E+00 -0.1219200E+01
   277 -0.1821422E+01  0.7794710E+00 -0.1219200E+01
   278 -0.1720075E+01  0.8187590E+00 -0.1219200E+01
   279 -0.1796300E+01  0.8357400E+00 -0.1219200E+01
   280 -0.1693232E+01  0.8729220E+00 -0.1219200E+01
   281 -0.1769439E+01  0.8912000E+00 -0.1219200E+01
   282 -0.1664683E+01  0.9262050E+00 -0.1219200E+01
   283 -0.1740867E+01  0.9457980E+00 -0.1219200E+01
   284 -0.1634458E+01  0.9785550E+00 -0.1219200E+01
   285 -0.1710611E+01  0.9994810E+00 -0.1219200E+01
   286 -0.1602588E+01  0.1029921E+01 -0.1219200E+01
   287 -0.1678700E+01  0.1052198E+01 -0.1219200E+01
   288 -0.1569104E+01  0.1080249E+01 -0.1219200E+01
   289 -0.1645165E+01  0.1103896E+01 -0.1219200E+01
   290 -0.1534040E+01  0.1129490E+01 -0.1219200E+01
   291 -0.1610038E+01  0.1154527E+01 -0.1219200E+01
   292 -0.1497431E+01  0.1177593E+01 -0.1219200E+01
   293 -0.1573353E+01  0.1204040E+01 -0.1219200E+01
   294 -0.1459315E+01  0.1224510E+01 -0.1219200E+01
   295 -0.1535147E+01  0.1252389E+01 -0.1219200E+01
   296 -0.1419729E+01  0.1270195E+01 -0.1219200E+01
   297 -0.1495455E+01  0.1299526E+01 -0.1219200E+01
   298 -0.1378713E+01  0.1314600E+01 -0.1219200E+01
   299  0.1378713E+01 -0.1314600E+01 -0.1219200E+01
   300  0.1411771E+01 -0.1389984E+01 -0.1219200E+01
   301  0.1336310E+01 -0.1357682E+01 -0.1219200E+01
   302  0.1367860E+01 -0.1433217E+01 -0.1219200E+01
   303  0.1292560E+01 -0.1399397E+01 -0.1219200E+01
   304  0.1322626E+01 -0.1475064E+01 -0.1219200E+01
   305  0.1247510E+01 -0.1439703E+01 -0.1219200E+01
   306  0.1276112E+01 -0.1515484E+01 -0.1219200E+01
   307  0.1201203E+01 -0.1478559E+01 -0.1219200E+01
   308  0.1228363E+01 -0.1554438E+01 -0.1219200E+01
   309  0.1153686E+01 -0.1515926E+01 -0.1219200E+01
   310  0.1179426E+01 -0.1591888E+01 -0.1219200E+01
   311  0.1105008E+01 -0.1551767E+01 -0.1219200E+01
   312  0.1129348E+01 -0.1627798E+01 -0.1219200E+01
   313  0.1055218E+01 -0.1586046E+01 -0.1219200E+01
   314  0.1078177E+01 -0.1662133E+01 -0.1219200E+01
   315  0.1004364E+01 -0.1618727E+01 -0.1219200E+01
   316  0.1025964E+01 -0.1694860E+01 -0.1219200E+01
   317  0.9525000E+00 -0.1649778E+01 -0.1219200E+01
   318  0.9727570E+00 -0.1725948E+01 -0.1219200E+01
   319  0.8996760E+00 -0.1679169E+01 -0.1219200E+01
   320  0.9186100E+00 -0.1755366E+01 -0.1219200E+01
   321  0.8459470E+00 -0.1706868E+01 -0.1219200E+01
   322  0.8635740E+00 -0.1783085E+01 -0.1219200E+01
   323  0.7913660E+00 -0.1732849E+01 -0.1219200E+01
   324  0.8077030E+00 -0.1809080E+01 -0.1219200E+01
   325  0.7359870E+00 -0.1757085E+01 -0.1219200E+01
   326  0.7510500E+00 -0.1833324E+01 -0.1219200E+01
   327  0.6798680E+00 -0.1779552E+01 -0.1219200E+01
   328  0.6936710E+00 -0.1855795E+01 -0.1219200E+01
   329  0.6230640E+00 -0.1800227E+01 -0.1219200E+01
   330  0.6356200E+00 -0.1876470E+01 -0.1219200E+01
   331  0.5656330E+00 -0.1819089E+01 -0.1219200E+01
   332  0.5769550E+00 -0.1895330E+01 -0.1219200E+01
   333  0.5076330E+00 -0.1836119E+01 -0.1219200E+01
   334  0.5177310E+00 -0.1912357E+01 -0.1219200E+01
   335  0.4491210E+00 -0.1851301E+01 -0.1219200E+01
   336  0.4580070E+00 -0.1927533E+01 -0.1219200E+01
   337  0.3901570E+00 -0.1864619E+01 -0.1219200E+01
   338  0.3978390E+00 -0.1940845E+01 -0.1219200E+01
   339  0.3308000E+00 -0.1876059E+01 -0.1219200E+01
   340  0.3372870E+00 -0.1952278E+01 -0.1219200E+01
   341  0.2711100E+00 -0.1885610E+01 -0.1219200E+01
   342  0.2764080E+00 -0.1961824E+01 -0.1219200E+01
   343  0.2111470E+00 -0.1893262E+01 -0.1219200E+01
   344  0.2152620E+00 -0.1969471E+01 -0.1219200E+01
   345  0.1509710E+00 -0.1899008E+01 -0.1219200E+01
   346  0.1539070E+00 -0.1975213E+01 -0.1219200E+01
   347  0.9064400E-01 -0.1902842E+01 -0.1219200E+01
   348  0.9240400E-01 -0.1979044E+01 -0.1219200E+01
   349  0.3022500E-01 -0.1904760E+01 -0.1219200E+01
   350  0.3081100E-01 -0.1980960E+01 -0.1219200E+01
   351 -0.3022500E-01 -0.1904760E+01 -0.1219200E+01
   352 -0.3081100E-01 -0.1980960E+01 -0.1219200E+01
   353 -0.9064400E-01 -0.1902842E+01 -0.1219200E+01
   354 -0.9240400E-01 -0.1979044E+01 -0.1219200E+01
   355 -0.1509710E+00 -0.1899008E+01 -0.1219200E+01
   356 -0.1539070E+00 -0.1975213E+01 -0.1219200E+01
   357 -0.2111470E+00 -0.1893262E+01 -0.1219200E+01
   358 -0.2152620E+00 -0.1969471E+01 -0.1219200E+01
   359 -0.2711100E+00 -0.1885610E+01 -0.1219200E+01
   360 -0.2764080E+00 -0.1961824E+01 -0.1219200E+01
   361 -0.3308000E+00 -0.1876059E+01 -0.1219200E+01
   362 -0.3372870E+00 -0.1952278E+01 -0.1219200E+01
   363 -0.3901570E+00 -0.1864619E+01 -0.1219200E+01
   364 -0.3978390E+00 -0.1940845E+01 -0.1219200E+01
   365 -0.4491210E+00 -0.1851301E+01 -0.1219200E+01
   366 -0.4580070E+00 -0.1927533E+01 -0.1219200E+01
   367 -0.5076330E+00 -0.1836119E+01 -0.1219200E+01
   368 -0.5177310E+00 -0.1912357E+01 -0.1219200E+01
   369 -0.5656330E+00 -0.1819089E+01 -0.1219200E+01
   370 -0.5769550E+00 -0.1895330E+01 -0.1219200E+01
   371 -0.6230640E+00 -0.1800227E+01 -0.1219200E+01
   372 -0.6356200E+00 -0.1876470E+01 -0.1219200E+01
   373 -0.6798680E+00 -0.1779552E+01 -0.1219200E+01
   374 -0.6936710E+00 -0.1855795E+01 -0.1219200E+01
   375 -0.7359870E+00 -0.1757085E+01 -0.1219200E+01
   376 -0.7510500E+00 -0.1833324E+01 -0.1219200E+01
   377 -0.7913660E+00 -0.1732849E+01 -0.1219200E+01
   378 -0.8077030E+00 -0.1809080E+01 -0.1219200E+01
   379 -0.8459470E+00 -0.1706868E+01 -0.1219200E+01
   380 -0.8635740E+00 -0.1783085E+01 -0.1219200E+01
   381 -0.8996760E+00 -0.1679169E+01 -0.1219200E+01
   382 -0.9186100E+00 -0.1755366E+01 -0.1219200E+01
   383 -0.9525000E+00 -0.1649778E+01 -0.1219200E+01
   384 -0.9727570E+00 -0.1725948E+01 -0.1219200E+01
   385 -0.1004364E+01 -0.1618727E+01 -0.1219200E+01
   386 -0.1025964E+01 -0.1694860E+01 -0.1219200E+01
   387 -0.1055218E+01 -0.1586046E+01 -0.1219200E+01
   388 -0.1078177E+01 -0.1662133E+01 -0.1219200E+01
   389 -0.1105008E+01 -0.1551767E+01 -0.1219200E+01
   390 -0.1129348E+01 -0.1627798E+01 -0.1219200E+01
   391 -0.1153686E+01 -0.1515926E+01 -0.1219200E+01
   392 -0.1179426E+01 -0.1591888E+01 -0.1219200E+01
   393 -0.1201203E+01 -0.1478559E+01 -0.1219200E+01
   394 -0.1228363E+01 -0.1554438E+01 -0.1219200E+01
   395 -0.1247510E+01 -0.1439703E+01 -0.1219200E+01
   396 -0.1276112E+01 -0.1515484E+01 -0.1219200E+01
   397 -0.1292560E+01 -0.1399397E+01 -0.1219200E+01
   398 -0.1322626E+01 -0.1475064E+01 -0.1219200E+01
   399 -0.1367860E+01 -0.1433217E+01 -0.1219200E+01
   400  0.1336310E+01  0.1357682E+01 -0.1219200E+01
   401  0.1411771E+01  0.1389984E+01 -0.1219200E+01
   402  0.1378713E+01  0.1314600E+01 -0.1219200E+01
   403  0.1454317E+01  0.1345406E+01 -0.1219200E+01
   404  0.1419729E+01  0.1270195E+01 -0.1219200E+01
   405  0.1495455E+01  0.1299526E+01 -0.1219200E+01
   406  0.1459315E+01  0.1224510E+01 -0.1219200E+01
   407  0.1535147E+01  0.1252389E+01 -0.1219200E+01
   408  0.1497431E+01  0.1177593E+01 -0.1219200E+01
   409  0.1573353E+01  0.1204040E+01 -0.1219200E+01
   410  0.1534040E+01  0.1129490E+01 -0.1219200E+01
   411  0.1610038E+01  0.1154527E+01 -0.1219200E+01
   412  0.1569104E+01  0.1080249E+01 -0.1219200E+01
   413  0.1645165E+01  0.1103896E+01 -0.1219200E+01
   414  0.1602588E+01  0.1029921E+01 -0.1219200E+01
   415  0.1678700E+01  0.1052198E+01 -0.1219200E+01
   416  0.1634458E+01  0.9785550E+00 -0.1219200E+01
   417  0.1710611E+01  0.9994810E+00 -0.1219200E+01
   418  0.1664683E+01  0.9262050E+00 -0.1219200E+01
   419  0.1740867E+01  0.9457980E+00 -0.1219200E+01
   420  0.1693232E+01  0.8729220E+00 -0.1219200E+01
   421  0.1769439E+01  0.8912000E+00 -0.1219200E+01
   422  0.1720075E+01  0.8187590E+00 -0.1219200E+01
   423  0.1796300E+01  0.8357400E+00 -0.1219200E+01
   424  0.1745187E+01  0.7637730E+00 -0.1219200E+01
   425  0.1821422E+01  0.7794710E+00 -0.1219200E+01
   426  0.1768541E+01  0.7080170E+00 -0.1219200E+01
   427  0.1844783E+01  0.7224480E+00 -0.1219200E+01
   428  0.1790114E+01  0.6515480E+00 -0.1219200E+01
   429  0.1866358E+01  0.6647260E+00 -0.1219200E+01
   430  0.1809886E+01  0.5944240E+00 -0.1219200E+01
   431  0.1886128E+01  0.6063610E+00 -0.1219200E+01
   432  0.1827834E+01  0.5367010E+00 -0.1219200E+01
   433  0.1904074E+01  0.5474090E+00 -0.1219200E+01
   434  0.1843942E+01  0.4784370E+00 -0.1219200E+01
   435  0.1920177E+01  0.4879280E+00 -0.1219200E+01
   436  0.1858194E+01  0.4196920E+00 -0.1219200E+01
   437  0.1934423E+01  0.4279750E+00 -0.1219200E+01
   438  0.1870574E+01  0.3605240E+00 -0.1219200E+01
   439  0.1946797E+01  0.3676070E+00 -0.1219200E+01
   440  0.1881071E+01  0.3009930E+00 -0.1219200E+01
   441  0.1957288E+01  0.3068840E+00 -0.1219200E+01
   442  0.1889674E+01  0.2411590E+00 -0.1219200E+01
   443  0.1965885E+01  0.2458640E+00 -0.1219200E+01
   444  0.1896374E+01  0.1810820E+00 -0.1219200E+01
   445  0.1972580E+01  0.1846070E+00 -0.1219200E+01
   446  0.1901165E+01  0.1208230E+00 -0.1219200E+01
   447  0.1977368E+01  0.1231700E+00 -0.1219200E+01
   448  0.1904041E+01  0.6044200E-01 -0.1219200E+01
   449  0.1980242E+01  0.6161500E-01 -0.1219200E+01
   450  0.1905000E+01  0.0000000E+00 -0.1219200E+01
   451  0.1981200E+01  0.0000000E+00 -0.1219200E+01
   452  0.1904041E+01 -0.6044200E-01 -0.1219200E+01
   453  0.1980242E+01 -0.6161500E-01 -0.1219200E+01
   454  0.1901165E+01 -0.1208230E+00 -0.1219200E+01
   455  0.1977368E+01 -0.1231700E+00 -0.1219200E+01
   456  0.1896374E+01 -0.1810820E+00 -0.1219200E+01
   457  0.1972580E+01 -0.1846070E+00 -0.1219200E+01
   458  0.1889674E+01 -0.2411590E+00 -0.1219200E+01
   459  0.1965885E+01 -0.2458640E+00 -0.1219200E+01
   460  0.1881071E+01 -0.3009930E+00 -0.1219200E+01
   461  0.1957288E+01 -0.3068840E+00 -0.1219200E+01
   462  0.1870574E+01 -0.3605240E+00 -0.1219200E+01
   463  0.1946797E+01 -0.3676070E+00 -0.1219200E+01
   464  0.1858194E+01 -0.4196920E+00 -0.1219200E+01
   465  0.1934423E+01 -0.4279750E+00 -0.1219200E+01
   466  0.1843942E+01 -0.4784370E+00 -0.1219200E+01
   467  0.1920177E+01 -0.4879280E+00 -0.1219200E+01
   468  0.1827834E+01 -0.5367010E+00 -0.1219200E+01
   469  0.1904074E+01 -0.5474090E+00 -0.1219200E+01
   470  0.1809886E+01 -0.5944240E+00 -0.1219200E+01
   471  0.1886128E+01 -0.6063610E+00 -0.1219200E+01
   472  0.1790114E+01 -0.6515480E+00 -0.1219200E+01
   473  0.1866358E+01 -0.6647260E+00 -0.1219200E+01
   474  0.1768541E+01 -0.7080170E+00 -0.1219200E+01
   475  0.1844783E+01 -0.7224480E+00 -0.1219200E+01
   476  0.1745187E+01 -0.7637730E+00 -0.1219200E+01
   477  0.1821422E+01 -0.7794710E+00 -0.1219200E+01
   478  0.1720075E+01 -0.8187590E+00 -0.1219200E+01
   479  0.1796300E+01 -0.8357400E+00 -0.1219200E+01
   480  0.1693232E+01 -0.8729220E+00 -0.1219200E+01
   481  0.1769439E+01 -0.8912000E+00 -0.1219200E+01
   482  0.1664683E+01 -0.9262050E+00 -0.1219200E+01
   483  0.1740867E+01 -0.9457980E+00 -0.1219200E+01
   484  0.1634458E+01 -0.9785550E+00 -0.1219200E+01
   485  0.1710611E+01 -0.9994810E+00 -0.1219200E+01
   486  0.1602588E+01 -0.1029921E+01 -0.1219200E+01
   487  0.1678700E+01 -0.1052198E+01 -0.1219200E+01
   488  0.1569104E+01 -0.1080249E+01 -0.1219200E+01
   489  0.1645165E+01 -0.1103896E+01 -0.1219200E+01
   490  0.1534040E+01 -0.1129490E+01 -0.1219200E+01
   491  0.1610038E+01 -0.1154527E+01 -0.1219200E+01
   492  0.1497431E+01 -0.1177593E+01 -0.1219200E+01
   493  0.1573353E+01 -0.1204040E+01 -0.1219200E+01
   494  0.1459315E+01 -0.1224510E+01 -0.1219200E+01
   495  0.1535147E+01 -0.1252389E+01 -0.1219200E+01
   496  0.1419729E+01 -0.1270195E+01 -0.1219200E+01
   497  0.1495455E+01 -0.1299526E+01 -0.1219200E+01
   498  0.1454317E+01 -0.1345406E+01 -0.1219200E+01
   499 -0.1454317E+01  0.1345406E+01 -0.1219200E+01
   500 -0.1411771E+01  0.1389984E+01 -0.1219200E+01
   501 -0.1336310E+01  0.1357682E+01 -0.1219200E+01
   502 -0.1367860E+01  0.1433217E+01 -0.1219200E+01
   503 -0.1292560E+01  0.1399397E+01 -0.1219200E+01
   504 -0.1322626E+01  0.1475064E+01 -0.1219200E+01
   505 -0.1247510E+01  0.1439703E+01 -0.1219200E+01
   506 -0.1276112E+01  0.1515484E+01 -0.1219200E+01
   507 -0.1201203E+01  0.1478559E+01 -0.1219200E+01
   508 -0.1228363E+01  0.1554438E+01 -0.1219200E+01
   509 -0.1153686E+01  0.1515926E+01 -0.1219200E+01
   510 -0.1179426E+01  0.1591888E+01 -0.1219200E+01
   511 -0.1105008E+01  0.1551767E+01 -0.1219200E+01
   512 -0.1129348E+01  0.1627798E+01 -0.1219200E+01
   513 -0.1055218E+01  0.1586046E+01 -0.1219200E+01
   514 -0.1078177E+01  0.1662133E+01 -0.1219200E+01
   515 -0.1004364E+01  0.1618727E+01 -0.1219200E+01
   516 -0.1025964E+01  0.1694860E+01 -0.1219200E+01
   517 -0.9525000E+00  0.1649778E+01 -0.1219200E+01
   518 -0.9727570E+00  0.1725948E+01 -0.1219200E+01
   519 -0.8996760E+00  0.1679169E+01 -0.1219200E+01
   520 -0.9186100E+00  0.1755366E+01 -0.1219200E+01
   521 -0.8459470E+00  0.1706868E+01 -0.1219200E+01
   522 -0.8635740E+00  0.1783085E+01 -0.1219200E+01
   523 -0.7913660E+00  0.1732849E+01 -0.1219200E+01
   524 -0.8077030E+00  0.1809080E+01 -0.1219200E+01
   525 -0.7359870E+00  0.1757085E+01 -0.1219200E+01
   526 -0.7510500E+00  0.1833324E+01 -0.1219200E+01
   527 -0.6798680E+00  0.1779552E+01 -0.1219200E+01
   528 -0.6936710E+00  0.1855795E+01 -0.1219200E+01
   529 -0.6230640E+00  0.1800227E+01 -0.1219200E+01
   530 -0.6356200E+00  0.1876470E+01 -0.1219200E+01
   531 -0.5656330E+00  0.1819089E+01 -0.1219200E+01
   532 -0.5769550E+00  0.1895330E+01 -0.1219200E+01
   533 -0.5076330E+00  0.1836119E+01 -0.1219200E+01
   534 -0.5177310E+00  0.1912357E+01 -0.1219200E+01
   535 -0.4491210E+00  0.1851301E+01 -0.1219200E+01
   536 -0.4580070E+00  0.1927533E+01 -0.1219200E+01
   537 -0.3901570E+00  0.1864619E+01 -0.1219200E+01
   538 -0.3978390E+00  0.1940845E+01 -0.1219200E+01
   539 -0.3308000E+00  0.1876059E+01 -0.1219200E+01
   540 -0.3372870E+00  0.1952278E+01 -0.1219200E+01
   541 -0.2711100E+00  0.1885610E+01 -0.1219200E+01
   542 -0.2764080E+00  0.1961824E+01 -0.1219200E+01
   543 -0.2111470E+00  0.1893262E+01 -0.1219200E+01
   544 -0.2152620E+00  0.1969471E+01 -0.1219200E+01
   545 -0.1509710E+00  0.1899008E+01 -0.1219200E+01
   546 -0.1539070E+00  0.1975213E+01 -0.1219200E+01
   547 -0.9064400E-01  0.1902842E+01 -0.1219200E+01
   548 -0.9240400E-01  0.1979044E+01 -0.1219200E+01
   549 -0.3022500E-01  0.1904760E+01 -0.1219200E+01
   550 -0.3081100E-01  0.1980960E+01 -0.1219200E+01
   551  0.3022500E-01  0.1904760E+01 -0.1219200E+01
   552  0.3081100E-01  0.1980960E+01 -0.1219200E+01
   553  0.9064400E-01  0.1902842E+01 -0.1219200E+01
   554  0.9240400E-01  0.1979044E+01 -0.1219200E+01
   555  0.1509710E+00  0.1899008E+01 -0.1219200E+01
   556  0.1539070E+00  0.1975213E+01 -0.1219200E+01
   557  0.2111470E+00  0.1893262E+01 -0.1219200E+01
   558  0.2152620E+00  0.1969471E+01 -0.1219200E+01
   559  0.2711100E+00  0.1885610E+01 -0.1219200E+01
   560  0.2764080E+00  0.1961824E+01 -0.1219200E+01
   561  0.3308000E+00  0.1876059E+01 -0.1219200E+01
   562  0.3372870E+00  0.1952278E+01 -0.1219200E+01
   563  0.3901570E+00  0.1864619E+01 -0.1219200E+01
   564  0.3978390E+00  0.1940845E+01 -0.1219200E+01
   565  0.4491210E+00  0.1851301E+01 -0.1219200E+01
   566  0.4580070E+00  0.1927533E+01 -0.1219200E+01
   567  0.5076330E+00  0.1836119E+01 -0.1219200E+01
   568  0.5177310E+00  0.1912357E+01 -0.1219200E+01
   569  0.5656330E+00  0.1819089E+01 -0.1219200E+01
   570  0.5769550E+00  0.1895330E+01 -0.1219200E+01
   571  0.6230640E+00  0.1800227E+01 -0.1219200E+01
   572  0.6356200E+00  0.1876470E+01 -0.1219200E+01
   573  0.6798680E+00  0.1779552E+01 -0.1219200E+01
   574  0.6936710E+00  0.1855795E+01 -0.1219200E+01
   575  0.7359870E+00  0.1757085E+01 -0.1219200E+01
   576  0.7510500E+00  0.1833324E+01 -0.1219200E+01
   577  0.7913660E+00  0.1732849E+01 -0.1219200E+01
   578  0.8077030E+00  0.1809080E+01 -0.1219200E+01
   579  0.8459470E+00  0.1706868E+01 -0.1219200E+01
   580  0.8635740E+00  0.1783085E+01 -0.1219200E+01
   581  0.8996760E+00  0.1679169E+01 -0.1219200E+01
   582  0.9186100E+00  0.1755366E+01 -0.1219200E+01
   583  0.9525000E+00  0.1649778E+01 -0.1219200E+01
   584  0.9727570E+00  0.1725948E+01 -0.1219200E+01
   585  0.1004364E+01  0.1618727E+01 -0.1219200E+01
   586  0.1025964E+01  0.1694860E+01 -0.1219200E+01
   587  0.1055218E+01  0.1586046E+01 -0.1219200E+01
   588  0.1078177E+01  0.1662133E+01 -0.1219200E+01
   589  0.1105008E+01  0.1551767E+01 -0.1219200E+01
   590  0.1129348E+01  0.1627798E+01 -0.1219200E+01
   591  0.1153686E+01  0.1515926E+01 -0.1219200E+01
   592  0.1179426E+01  0.1591888E+01 -0.1219200E+01
   593  0.1201203E+01  0.1478559E+01 -0.1219200E+01
   594  0.1228363E+01  0.1554438E+01 -0.1219200E+01
   595  0.1247510E+01  0.1439703E+01 -0.1219200E+01
   596  0.1276112E+01  0.1515484E+01 -0.1219200E+01
   597  0.1292560E+01  0.1399397E+01 -0.1219200E+01
   598  0.1322626E+01  0.1475064E+01 -0.1219200E+01
   599  0.1367860E+01  0.1433217E+01 -0.1219200E+01
   600 -0.1980242E+01  0.6161500E-01  0.1219200E+01
   601 -0.1977368E+01  0.1231700E+00  0.1219200E+01
   602 -0.1972580E+01  0.1846070E+00  0.1219200E+01
   603 -0.1965885E+01  0.2458640E+00  0.1219200E+01
   604 -0.1957288E+01  0.3068840E+00  0.1219200E+01
   605 -0.1946797E+01  0.3676070E+00  0.1219200E+01
   606 -0.1934423E+01  0.4279750E+00  0.1219200E+01
   607 -0.1920177E+01  0.4879280E+00  0.1219200E+01
   608 -0.1904074E+01  0.5474090E+00  0.1219200E+01
   609 -0.1886128E+01  0.6063610E+00  0.1219200E+01
   610 -0.1866358E+01  0.6647260E+00  0.1219200E+01
   611 -0.1844783E+01  0.7224480E+00  0.1219200E+01
   612 -0.1821422E+01  0.7794710E+00  0.1219200E+01
   613 -0.1796300E+01  0.8357400E+00  0.1219200E+01
   614 -0.1769439E+01  0.8912000E+00  0.1219200E+01
   615 -0.1740867E+01  0.9457980E+00  0.1219200E+01
   616 -0.1710611E+01  0.9994810E+00  0.1219200E+01
   617 -0.1678700E+01  0.1052198E+01  0.1219200E+01
   618 -0.1645165E+01  0.1103896E+01  0.1219200E+01
   619 -0.1610038E+01  0.1154527E+01  0.1219200E+01
   620 -0.1573353E+01  0.1204040E+01  0.1219200E+01
   621 -0.1535147E+01  0.1252389E+01  0.1219200E+01
   622 -0.1495455E+01  0.1299526E+01  0.1219200E+01
   623 -0.1454317E+01  0.1345406E+01  0.1219200E+01
   624 -0.1411771E+01  0.1389984E+01  0.1219200E+01
   625 -0.1367860E+01  0.1433217E+01  0.1219200E+01
   626 -0.1322626E+01  0.1475064E+01  0.1219200E+01
   627 -0.1276112E+01  0.1515484E+01  0.1219200E+01
   628 -0.1228363E+01  0.1554438E+01  0.1219200E+01
   629 -0.1179426E+01  0.1591888E+01  0.1219200E+01
   630 -0.1129348E+01  0.1627798E+01  0.1219200E+01
   631 -0.1078177E+01  0.1662133E+01  0.1219200E+01
   632 -0.1025964E+01  0.1694860E+01  0.1219200E+01
   633 -0.9727570E+00  0.1725948E+01  0.1219200E+01
   634 -0.9186100E+00  0.1755366E+01  0.1219200E+01
   635 -0.8635740E+00  0.1783085E+01  0.1219200E+01
   636 -0.8077030E+00  0.1809080E+01  0.1219200E+01
   637 -0.7510500E+00  0.1833324E+01  0.1219200E+01
   638 -0.6936710E+00  0.1855795E+01  0.1219200E+01
   639 -0.6356200E+00  0.1876470E+01  0.1219200E+01
   640 -0.5769550E+00  0.1895330E+01  0.1219200E+01
   641 -0.5177310E+00  0.1912357E+01  0.1219200E+01
   642 -0.4580070E+00  0.1927533E+01  0.1219200E+01
   643 -0.3978390E+00  0.1940845E+01  0.1219200E+01
   644 -0.3372870E+00  0.1952278E+01  0.1219200E+01
   645 -0.2764080E+00  0.1961824E+01  0.1219200E+01
   646 -0.2152620E+00  0.1969471E+01  0.1219200E+01
   647 -0.1539070E+00  0.1975213E+01  0.1219200E+01
   648 -0.9240400E-01  0.1979044E+01  0.1219200E+01
   649 -0.3081100E-01  0.1980960E+01  0.1219200E+01
   650  0.3081100E-01  0.1980960E+01  0.1219200E+01
   651  0.9240400E-01  0.1979044E+01  0.1219200E+01
   652  0.1539070E+00  0.1975213E+01  0.1219200E+01
   653  0.2152620E+00  0.1969471E+01  0.1219200E+01
   654  0.2764080E+00  0.1961824E+01  0.1219200E+01
   655  0.3372870E+00  0.1952278E+01  0.1219200E+01
   656  0.3978390E+00  0.1940845E+01  0.1219200E+01
   657  0.4580070E+00  0.1927533E+01  0.1219200E+01
   658  0.5177310E+00  0.1912357E+01  0.1219200E+01
   659  0.5769550E+00  0.1895330E+01  0.1219200E+01
   660  0.6356200E+00  0.1876470E+01  0.1219200E+01
   661  0.6936710E+00  0.1855795E+01  0.1219200E+01
   662  0.7510500E+00  0.1833324E+01  0.1219200E+01
   663  0.8077030E+00  0.1809080E+01  0.1219200E+01
   664  0.8635740E+00  0.1783085E+01  0.1219200E+01
   665  0.9186100E+00  0.1755366E+01  0.1219200E+01
   666  0.9727570E+00  0.1725948E+01  0.1219200E+01
   667  0.1025964E+01  0.1694860E+01  0.1219200E+01
   668  0.1078177E+01  0.1662133E+01  0.1219200E+01
   669  0.1129348E+01  0.1627798E+01  0.1219200E+01
   670  0.1179426E+01  0.1591888E+01  0.1219200E+01
   671  0.1228363E+01  0.1554438E+01  0.1219200E+01
   672  0.1276112E+01  0.1515484E+01  0.1219200E+01
   673  0.1322626E+01  0.1475064E+01  0.1219200E+01
   674  0.1367860E+01  0.1433217E+01  0.1219200E+01
   675  0.1411771E+01  0.1389984E+01  0.1219200E+01
   676  0.1454317E+01  0.1345406E+01  0.1219200E+01
   677  0.1495455E+01  0.1299526E+01  0.1219200E+01
   678  0.1535147E+01  0.1252389E+01  0.1219200E+01
   679  0.1573353E+01  0.1204040E+01  0.1219200E+01
   680  0.1610038E+01  0.1154527E+01  0.1219200E+01
   681  0.1645165E+01  0.1103896E+01  0.1219200E+01
   682  0.1678700E+01  0.1052198E+01  0.1219200E+01
   683  0.1710611E+01  0.9994810E+00  0.1219200E+01
   684  0.1740867E+01  0.9457980E+00  0.1219200E+01
   685  0.1769439E+01  0.8912000E+00  0.1219200E+01
   686  0.1796300E+01  0.8357400E+00  0.1219200E+01
   687  0.1821422E+01  0.7794710E+00  0.1219200E+01
   688  0.1844783E+01  0.7224480E+00  0.1219200E+01
   689  0.1866358E+01  0.6647260E+00  0.1219200E+01
   690  0.1886128E+01  0.6063610E+00  0.1219200E+01
   691  0.1904074E+01  0.5474090E+00  0.1219200E+01
   692  0.1920177E+01  0.4879280E+00  0.1219200E+01
   693  0.1934423E+01  0.4279750E+00  0.1219200E+01
   694  0.1946797E+01  0.3676070E+00  0.1219200E+01
   695  0.1957288E+01  0.3068840E+00  0.1219200E+01
   696  0.1965885E+01  0.2458640E+00  0.1219200E+01
   697  0.1972580E+01  0.1846070E+00  0.1219200E+01
   698  0.1977368E+01  0.1231700E+00  0.1219200E+01
   699  0.1980242E+01  0.6161500E-01  0.1219200E+01
   700  0.1981200E+01  0.0000000E+00  0.1219200E+01
   701  0.1980242E+01 -0.6161500E-01  0.1219200E+01
   702  0.1977368E+01 -0.1231700E+00  0.1219200E+01
   703  0.1972580E+01 -0.1846070E+00  0.1219200E+01
   704  0.1965885E+01 -0.2458640E+00  0.1219200E+01
   705  0.1957288E+01 -0.3068840E+00  0.1219200E+01
   706  0.1946797E+01 -0.3676070E+00  0.1219200E+01
   707  0.1934423E+01 -0.4279750E+00  0.1219200E+01
   708  0.1920177E+01 -0.4879280E+00  0.1219200E+01
   709  0.1904074E+01 -0.5474090E+00  0.1219200E+01
   710  0.1886128E+01 -0.6063610E+00  0.1219200E+01
   711  0.1866358E+01 -0.6647260E+00  0.1219200E+01
   712  0.1844783E+01 -0.7224480E+00  0.1219200E+01
   713  0.1821422E+01 -0.7794710E+00  0.1219200E+01
   714  0.1796300E+01 -0.8357400E+00  0.1219200E+01
   715  0.1769439E+01 -0.8912000E+00  0.1219200E+01
   716  0.1740867E+01 -0.9457980E+00  0.1219200E+01
   717  0.1710611E+01 -0.9994810E+00  0.1219200E+01
   718  0.1678700E+01 -0.1052198E+01  0.1219200E+01
   719  0.1645165E+01 -0.1103896E+01  0.1219200E+01
   720  0.1610038E+01 -0.1154527E+01  0.1219200E+01
   721  0.1573353E+01 -0.1204040E+01  0.1219200E+01
   722  0.1535147E+01 -0.1252389E+01  0.1219200E+01
   723  0.1495455E+01 -0.1299526E+01  0.1219200E+01
   724  0.1454317E+01 -0.1345406E+01  0.1219200E+01
   725  0.1411771E+01 -0.1389984E+01  0.1219200E+01
   726  0.1367860E+01 -0.1433217E+01  0.1219200E+01
   727  0.1322626E+01 -0.1475064E+01  0.1219200E+01
   728  0.1276112E+01 -0.1515484E+01  0.1219200E+01
   729  0.1228363E+01 -0.1554438E+01  0.1219200E+01
   730  0.1179426E+01 -0.1591888E+01  0.1219200E+01
   731  0.1129348E+01 -0.1627798E+01  0.1219200E+01
   732  0.1078177E+01 -0.1662133E+01  0.1219200E+01
   733  0.1025964E+01 -0.1694860E+01  0.1219200E+01
   734  0.9727570E+00 -0.1725948E+01  0.1219200E+01
   735  0.9186100E+00 -0.1755366E+01  0.1219200E+01
   736  0.8635740E+00 -0.1783085E+01  0.1219200E+01
   737  0.8077030E+00 -0.1809080E+01  0.1219200E+01
   738  0.7510500E+00 -0.1833324E+01  0.1219200E+01
   739  0.6936710E+00 -0.1855795E+01  0.1219200E+01
   740  0.6356200E+00 -0.1876470E+01  0.1219200E+01
   741  0.5769550E+00 -0.1895330E+01  0.1219200E+01
   742  0.5177310E+00 -0.1912357E+01  0.1219200E+01
   743  0.4580070E+00 -0.1927533E+01  0.1219200E+01
   744  0.3978390E+00 -0.1940845E+01  0.1219200E+01
   745  0.3372870E+00 -0.1952278E+01  0.1219200E+01
   746  0.2764080E+00 -0.1961824E+01  0.1219200E+01
   747  0.2152620E+00 -0.1969471E+01  0.1219200E+01
   748  0.1539070E+00 -0.1975213E+01  0.1219200E+01
   749  0.9240400E-01 -0.1979044E+01  0.1219200E+01
   750  0.3081100E-01 -0.1980960E+01  0.1219200E+01
   751 -0.3081100E-01 -0.1980960E+01  0.1219200E+01
   752 -0.9240400E-01 -0.1979044E+01  0.1219200E+01
   753 -0.1539070E+00 -0.1975213E+01  0.1219200E+01
   754 -0.2152620E+00 -0.1969471E+01  0.1219200E+01
   755 -0.2764080E+00 -0.1961824E+01  0.1219200E+01
   756 -0.3372870E+00 -0.1952278E+01  0.1219200E+01
   757 -0.3978390E+00 -0.1940845E+01  0.1219200E+01
   758 -0.4580070E+00 -0.1927533E+01  0.1219200E+01
   759 -0.5177310E+00 -0.1912357E+01  0.1219200E+01
   760 -0.5769550E+00 -0.1895330E+01  0.1219200E+01
   761 -0.6356200E+00 -0.1876470E+01  0.1219200E+01
   762 -0.6936710E+00 -0.1855795E+01  0.1219200E+01
   763 -0.7510500E+00 -0.1833324E+01  0.1219200E+01
   764 -0.8077030E+00 -0.1809080E+01  0.1219200E+01
   765 -0.8635740E+00 -0.1783085E+01  0.1219200E+01
   766 -0.9186100E+00 -0.1755366E+01  0.1219200E+01
   767 -0.9727570E+00 -0.1725948E+01  0.1219200E+01
   768 -0.1025964E+01 -0.1694860E+01  0.1219200E+01
   769 -0.1078177E+01 -0.1662133E+01  0.1219200E+01
   770 -0.1129348E+01 -0.1627798E+01  0.1219200E+01
   771 -0.1179426E+01 -0.1591888E+01  0.1219200E+01
   772 -0.1228363E+01 -0.1554438E+01  0.1219200E+01
   773 -0.1276112E+01 -0.1515484E+01  0.1219200E+01
   774 -0.1322626E+01 -0.1475064E+01  0.1219200E+01
   775 -0.1367860E+01 -0.1433217E+01  0.1219200E+01
   776 -0.1411771E+01 -0.1389984E+01  0.1219200E+01
   777 -0.1454317E+01 -0.1345406E+01  0.1219200E+01
   778 -0.1495455E+01 -0.1299526E+01  0.1219200E+01
   779 -0.1535147E+01 -0.1252389E+01  0.1219200E+01
   780 -0.1573353E+01 -0.1204040E+01  0.1219200E+01
   781 -0.1610038E+01 -0.1154527E+01  0.1219200E+01
   782 -0.1645165E+01 -0.1103896E+01  0.1219200E+01
   783 -0.1678700E+01 -0.1052198E+01  0.1219200E+01
   784 -0.1710611E+01 -0.9994810E+00  0.1219200E+01
   785 -0.1740867E+01 -0.9457980E+00  0.1219200E+01
   786 -0.1769439E+01 -0.8912000E+00  0.1219200E+01
   787 -0.1796300E+01 -0.8357400E+00  0.1219200E+01
   788 -0.1821422E+01 -0.7794710E+00  0.1219200E+01
   789 -0.1844783E+01 -0.7224480E+00  0.1219200E+01
   790 -0.1866358E+01 -0.6647260E+00  0.1219200E+01
   791 -0.1886128E+01 -0.6063610E+00  0.1219200E+01
   792 -0.1904074E+01 -0.5474090E+00  0.1219200E+01
   793 -0.1920177E+01 -0.4879280E+00  0.1219200E+01
   794 -0.1934423E+01 -0.4279750E+00  0.1219200E+01
   795 -0.1946797E+01 -0.3676070E+00  0.1219200E+01
   796 -0.1957288E+01 -0.3068840E+00  0.1219200E+01
   797 -0.1965885E+01 -0.2458640E+00  0.1219200E+01
   798 -0.1972580E+01 -0.1846070E+00  0.1219200E+01
   799 -0.1977368E+01 -0.1231700E+00  0.1219200E+01
   800 -0.1980242E+01 -0.6161500E-01  0.1219200E+01
   801 -0.1981200E+01  0.0000000E+00  0.1219200E+01
   802  0.0000000E+00  0.0000000E+00  0.1219200E+01
     0  0.0000000E+00  0.0000000E+00  0.0000000E+00
      4      5      3      2
      7      8      3      6
      3      8      1      2
     11      6      3     10
     13     14      3     12
      3     14      9     10
     17     12      3     16
     19     20      3     18
      3     20     15     16
     23     18      3     22
     25     26      3     24
      3     26     21     22
     29     24      3     28
     31     32      3     30
      3     32     27     28
     35     30      3     34
     37     38      3     36
      3     38     33     34
     41     36      3     40
     43     44      3     42
      3     44     39     40
     47     42      3     46
     49     50      3     48
      3     50     45     46
     53     48      3     52
     55     56      3     54
      3     56     51     52
     59     54      3     58
     61     62      3     60
      3     62     57     58
     65     60      3     64
     67     68      3     66
      3     68     63     64
     71     66      3     70
     73     74      3     72
      3     74     69     70
     77     72      3     76
     79     80      3     78
      3     80     75     76
     83     78      3     82
     85     86      3     84
      3     86     81     82
     89     84      3     88
     91     92      3     90
      3     92     87     88
     95     90      3     94
     97     98      3     96
      3     98     93     94
    101     96      3    100
    103    104      3    102
      3    104     99    100
    107    102      3    106
    109    110      3    108
      3    110    105    106
    113    108      3    112
    115    116      3    114
      3    116    111    112
    119    114      3    118
    121    122      3    120
      3    122    117    118
    125    120      3    124
    127    128      3    126
      3    128    123    124
    131    126      3    130
    133    134      3    132
      3    134    129    130
    137    132      3    136
    139    140      3    138
      3    140    135    136
    143    138      3    142
    145    146      3    144
      3    146    141    142
    149    144      3    148
    151    152      3    150
      3    152    147    148
    155    150      3    154
    157    158      3    156
      3    158    153    154
    161    156      3    160
    163    164      3    162
      3    164    159    160
    167    162      3    166
    169    170      3    168
      3    170    165    166
    173    168      3    172
    175    176      3    174
      3    176    171    172
    179    174      3    178
    181    182      3    180
      3    182    177    178
    185    180      3    184
    187    188      3    186
      3    188    183    184
    191    186      3    190
    193    194      3    192
      3    194    189    190
    197    192      3    196
    198    199      3      5
      3    199    195    196
    201    203    202    200
    203    205    204    202
    205    207    206    204
    207    209    208    206
    209    211    210    208
    211    213    212    210
    213    215    214    212
    215    217    216    214
    217    219    218    216
    219    221    220    218
    221    223    222    220
    223    225    224    222
    225    227    226    224
    227    229    228    226
    229    231    230    228
    231    233    232    230
    233    235    234    232
    235    237    236    234
    237    239    238    236
    239    241    240    238
    241    243    242    240
    243    245    244    242
    245    247    246    244
    247    249    248    246
    249    251    250    248
    251    253    252    250
    253    255    254    252
    255    257    256    254
    257    259    258    256
    259    261    260    258
    261    263    262    260
    263    265    264    262
    265    267    266    264
    267    269    268    266
    269    271    270    268
    271    273    272    270
    273    275    274    272
    275    277    276    274
    277    279    278    276
    279    281    280    278
    281    283    282    280
    283    285    284    282
    285    287    286    284
    287    289    288    286
    289    291    290    288
    291    293    292    290
    293    295    294    292
    295    297    296    294
    300    302    301    299
    302    304    303    301
    304    306    305    303
    306    308    307    305
    308    310    309    307
    310    312    311    309
    312    314    313    311
    314    316    315    313
    316    318    317    315
    318    320    319    317
    320    322    321    319
    322    324    323    321
    324    326    325    323
    326    328    327    325
    328    330    329    327
    330    332    331    329
    332    334    333    331
    334    336    335    333
    336    338    337    335
    338    340    339    337
    340    342    341    339
    342    344    343    341
    344    346    345    343
    346    348    347    345
    348    350    349    347
    350    352    351    349
    352    354    353    351
    354    356    355    353
    356    358    357    355
    358    360    359    357
    360    362    361    359
    362    364    363    361
    364    366    365    363
    366    368    367    365
    368    370    369    367
    370    372    371    369
    372    374    373    371
    374    376    375    373
    376    378    377    375
    378    380    379    377
    380    382    381    379
    382    384    383    381
    384    386    385    383
    386    388    387    385
    388    390    389    387
    390    392    391    389
    392    394    393    391
    394    396    395    393
    396    398    397    395
    398    399    200    397
    403    405    404    402
    405    407    406    404
    407    409    408    406
    409    411    410    408
    411    413    412    410
    413    415    414    412
    415    417    416    414
    417    419    418    416
    419    421    420    418
    421    423    422    420
    423    425    424    422
    425    427    426    424
    427    429    428    426
    429    431    430    428
    431    433    432    430
    433    435    434    432
    435    437    436    434
    437    439    438    436
    439    441    440    438
    441    443    442    440
    443    445    444    442
    445    447    446    444
    447    449    448    446
    449    451    450    448
    451    453    452    450
    453    455    454    452
    455    457    456    454
    457    459    458    456
    459    461    460    458
    461    463    462    460
    463    465    464    462
    465    467    466    464
    467    469    468    466
    469    471    470    468
    471    473    472    470
    473    475    474    472
    475    477    476    474
    477    479    478    476
    479    481    480    478
    481    483    482    480
    483    485    484    482
    485    487    486    484
    487    489    488    486
    489    491    490    488
    491    493    492    490
    493    495    494    492
    495    497    496    494
    497    498    299    496
    297    499    298    296
    500    501    298    499
    502    504    503    501
    504    506    505    503
    506    508    507    505
    508    510    509    507
    510    512    511    509
    512    514    513    511
    514    516    515    513
    516    518    517    515
    518    520    519    517
    520    522    521    519
    522    524    523    521
    524    526    525    523
    526    528    527    525
    528    530    529    527
    530    532    531    529
    532    534    533    531
    534    536    535    533
    536    538    537    535
    538    540    539    537
    540    542    541    539
    542    544    543    541
    544    546    545    543
    546    548    547    545
    548    550    549    547
    550    552    551    549
    552    554    553    551
    554    556    555    553
    556    558    557    555
    558    560    559    557
    560    562    561    559
    562    564    563    561
    564    566    565    563
    566    568    567    565
    568    570    569    567
    570    572    571    569
    572    574    573    571
    574    576    575    573
    576    578    577    575
    578    580    579    577
    580    582    581    579
    582    584    583    581
    584    586    585    583
    586    588    587    585
    588    590    589    587
    590    592    591    589
    592    594    593    591
    594    596    595    593
    596    598    597    595
    598    599    400    597
    400    599    401    402
      4      2    448    450
      2      1    446    448
      1      8    444    446
      8      7    442    444
      7      6    440    442
      6     11    438    440
     11     10    436    438
     10      9    434    436
      9     14    432    434
     14     13    430    432
     13     12    428    430
     12     17    426    428
     17     16    424    426
     16     15    422    424
     15     20    420    422
     20     19    418    420
     19     18    416    418
     18     23    414    416
     23     22    412    414
     22     21    410    412
     21     26    408    410
     26     25    406    408
     25     24    404    406
     24     29    402    404
     29     28    400    402
     28     27    597    400
     27     32    595    597
     32     31    593    595
     31     30    591    593
     30     35    589    591
     35     34    587    589
     34     33    585    587
     33     38    583    585
     38     37    581    583
     37     36    579    581
     36     41    577    579
     41     40    575    577
     40     39    573    575
     39     44    571    573
     44     43    569    571
     43     42    567    569
     42     47    565    567
     47     46    563    565
     46     45    561    563
     45     50    559    561
     50     49    557    559
     49     48    555    557
     48     53    553    555
     53     52    551    553
     52     51    549    551
     51     56    547    549
     56     55    545    547
     55     54    543    545
     54     59    541    543
     59     58    539    541
     58     57    537    539
     57     62    535    537
     62     61    533    535
     61     60    531    533
     60     65    529    531
     65     64    527    529
     64     63    525    527
     63     68    523    525
     68     67    521    523
     67     66    519    521
     66     71    517    519
     71     70    515    517
     70     69    513    515
     69     74    511    513
     74     73    509    511
     73     72    507    509
     72     77    505    507
     77     76    503    505
     76     75    501    503
     75     80    298    501
     80     79    296    298
     79     78    294    296
     78     83    292    294
     83     82    290    292
     82     81    288    290
     81     86    286    288
     86     85    284    286
     85     84    282    284
     84     89    280    282
     89     88    278    280
     88     87    276    278
     87     92    274    276
     92     91    272    274
     91     90    270    272
     90     95    268    270
     95     94    266    268
     94     93    264    266
     93     98    262    264
     98     97    260    262
     97     96    258    260
     96    101    256    258
    101    100    254    256
    100     99    252    254
     99    104    250    252
    104    103    248    250
    103    102    246    248
    102    107    244    246
    107    106    242    244
    106    105    240    242
    105    110    238    240
    110    109    236    238
    109    108    234    236
    108    113    232    234
    113    112    230    232
    112    111    228    230
    111    116    226    228
    116    115    224    226
    115    114    222    224
    114    119    220    222
    119    118    218    220
    118    117    216    218
    117    122    214    216
    122    121    212    214
    121    120    210    212
    120    125    208    210
    125    124    206    208
    124    123    204    206
    123    128    202    204
    128    127    200    202
    127    126    397    200
    126    131    395    397
    131    130    393    395
    130    129    391    393
    129    134    389    391
    134    133    387    389
    133    132    385    387
    132    137    383    385
    137    136    381    383
    136    135    379    381
    135    140    377    379
    140    139    375    377
    139    138    373    375
    138    143    371    373
    143    142    369    371
    142    141    367    369
    141    146    365    367
    146    145    363    365
    145    144    361    363
    144    149    359    361
    149    148    357    359
    148    147    355    357
    147    152    353    355
    152    151    351    353
    151    150    349    351
    150    155    347    349
    155    154    345    347
    154    153    343    345
    153    158    341    343
    158    157    339    341
    157    156    337    339
    156    161    335    337
    161    160    333    335
    160    159    331    333
    159    164    329    331
    164    163    327    329
    163    162    325    327
    162    167    323    325
    167    166    321    323
    166    165    319    321
    165    170    317    319
    170    169    315    317
    169    168    313    315
    168    173    311    313
    173    172    309    311
    172    171    307    309
    171    176    305    307
    176    175    303    305
    175    174    301    303
    174    179    299    301
    179    178    496    299
    178    177    494    496
    177    182    492    494
    182    181    490    492
    181    180    488    490
    180    185    486    488
    185    184    484    486
    184    183    482    484
    183    188    480    482
    188    187    478    480
    187    186    476    478
    186    191    474    476
    191    190    472    474
    190    189    470    472
    189    194    468    470
    194    193    466    468
    193    192    464    466
    192    197    462    464
    197    196    460    462
    196    195    458    460
    195    199    456    458
    199    198    454    456
    198      5    452    454
      5      4    450    452
    601    255    253    600
    602    257    255    601
    603    259    257    602
    604    261    259    603
    605    263    261    604
    606    265    263    605
    607    267    265    606
    608    269    267    607
    609    271    269    608
    610    273    271    609
    611    275    273    610
    612    277    275    611
    613    279    277    612
    614    281    279    613
    615    283    281    614
    616    285    283    615
    617    287    285    616
    618    289    287    617
    619    291    289    618
    620    293    291    619
    621    295    293    620
    622    297    295    621
    623    499    297    622
    624    500    499    623
    626    504    502    625
    627    506    504    626
    628    508    506    627
    629    510    508    628
    630    512    510    629
    631    514    512    630
    632    516    514    631
    633    518    516    632
    634    520    518    633
    635    522    520    634
    636    524    522    635
    637    526    524    636
    638    528    526    637
    639    530    528    638
    640    532    530    639
    641    534    532    640
    642    536    534    641
    643    538    536    642
    644    540    538    643
    645    542    540    644
    646    544    542    645
    647    546    544    646
    648    548    546    647
    649    550    548    648
    650    552    550    649
    651    554    552    650
    652    556    554    651
    653    558    556    652
    654    560    558    653
    655    562    560    654
    656    564    562    655
    657    566    564    656
    658    568    566    657
    659    570    568    658
    660    572    570    659
    661    574    572    660
    662    576    574    661
    663    578    576    662
    664    580    578    663
    665    582    580    664
    666    584    582    665
    667    586    584    666
    668    588    586    667
    669    590    588    668
    670    592    590    669
    671    594    592    670
    672    596    594    671
    673    598    596    672
    674    599    598    673
    675    401    599    674
    677    405    403    676
    678    407    405    677
    679    409    407    678
    680    411    409    679
    681    413    411    680
    682    415    413    681
    683    417    415    682
    684    419    417    683
    685    421    419    684
    686    423    421    685
    687    425    423    686
    688    427    425    687
    689    429    427    688
    690    431    429    689
    691    433    431    690
    692    435    433    691
    693    437    435    692
    694    439    437    693
    695    441    439    694
    696    443    441    695
    697    445    443    696
    698    447    445    697
    699    449    447    698
    700    451    449    699
    701    453    451    700
    702    455    453    701
    703    457    455    702
    704    459    457    703
    705    461    459    704
    706    463    461    705
    707    465    463    706
    708    467    465    707
    709    469    467    708
    710    471    469    709
    711    473    471    710
    712    475    473    711
    713    477    475    712
    714    479    477    713
    715    481    479    714
    716    483    481    715
    717    485    483    716
    718    487    485    717
    719    489    487    718
    720    491    489    719
    721    493    491    720
    722    495    493    721
    723    497    495    722
    724    498    497    723
    726    302    300    725
    727    304    302    726
    728    306    304    727
    729    308    306    728
    730    310    308    729
    731    312    310    730
    732    314    312    731
    733    316    314    732
    734    318    316    733
    735    320    318    734
    736    322    320    735
    737    324    322    736
    738    326    324    737
    739    328    326    738
    740    330    328    739
    741    332    330    740
    742    334    332    741
    743    336    334    742
    744    338    336    743
    745    340    338    744
    746    342    340    745
    747    344    342    746
    748    346    344    747
    749    348    346    748
    750    350    348    749
    751    352    350    750
    752    354    352    751
    753    356    354    752
    754    358    356    753
    755    360    358    754
    756    362    360    755
    757    364    362    756
    758    366    364    757
    759    368    366    758
    760    370    368    759
    761    372    370    760
    762    374    372    761
    763    376    374    762
    764    378    376    763
    765    380    378    764
    766    382    380    765
    767    384    382    766
    768    386    384    767
    769    388    386    768
    770    390    388    769
    771    392    390    770
    772    394    392    771
    773    396    394    772
    774    398    396    773
    775    399    398    774
    777    203    201    776
    778    205    203    777
    779    207    205    778
    780    209    207    779
    781    211    209    780
    782    213    211    781
    783    215    213    782
    784    217    215    783
    785    219    217    784
    786    221    219    785
    787    223    221    786
    788    225    223    787
    789    227    225    788
    790    229    227    789
    791    231    229    790
    792    233    231    791
    793    235    233    792
    794    237    235    793
    795    239    237    794
    796    241    239    795
    797    243    241    796
    798    245    243    797
    799    247    245    798
    800    249    247    799
    801    251    249    800
    251    801    600    253
    701    700    802    702
    705    704    802    706
    802    704    703    702
    707    706    802    708
    711    710    802    712
    802    710    709    708
    713    712    802    714
    717    716    802    718
    802    716    715    714
    719    718    802    720
    723    722    802    724
    802    722    721    720
    726    725    802    727
    728    727    802    729
    732    731    802    733
    802    731    730    729
    734    733    802    735
    738    737    802    739
    802    737    736    735
    740    739    802    741
    744    743    802    745
    802    743    742    741
    746    745    802    747
    750    749    802    751
    802    749    748    747
    752    751    802    753
    756    755    802    757
    802    755    754    753
    758    757    802    759
    762    761    802    763
    802    761    760    759
    764    763    802    765
    768    767    802    769
    802    767    766    765
    770    769    802    771
    774    773    802    775
    802    773    772    771
    777    776    802    778
    779    778    802    780
    783    782    802    784
    802    782    781    780
    785    784    802    786
    789    788    802    790
    802    788    787    786
    791    790    802    792
    795    794    802    796
    802    794    793    792
    797    796    802    798
    801    800    802    600
    802    800    799    798
    601    600    802    602
    605    604    802    606
    802    604    603    602
    607    606    802    608
    611    610    802    612
    802    610    609    608
    613    612    802    614
    617    616    802    618
    802    616    615    614
    619    618    802    620
    623    622    802    624
    802    622    621    620
    626    625    802    627
    628    627    802    629
    632    631    802    633
    802    631    630    629
    634    633    802    635
    638    637    802    639
    802    637    636    635
    640    639    802    641
    644    643    802    645
    802    643    642    641
    646    645    802    647
    650    649    802    651
    802    649    648    647
    652    651    802    653
    656    655    802    657
    802    655    654    653
    658    657    802    659
    662    661    802    663
    802    661    660    659
    664    663    802    665
    668    667    802    669
    802    667    666    665
    670    669    802    671
    674    673    802    675
    802    673    672    671
    677    676    802    678
    679    678    802    680
    683    682    802    684
    802    682    681    680
    685    684    802    686
    689    688    802    690
    802    688    687    686
    691    690    802    692
    695    694    802    696
    802    694    693    692
    699    698    802    700
    697    696    802    698
    625    502    501    500
    676    403    402    401
    725    300    299    498
    776    201    200    399
    802    725    498    724
    802    776    399    775
    802    625    500    624
    802    676    401    675
      0      0      0      0
