
   68.9785385      -1.57070374      0.111593857       1.57200348       1.62969220      -3.11474514      0.757897735      -1.56959510       469.804016      -1.57070315       2.54493533E-03  0.175611690    
   6901.77734      -9.59131921E-06  -11.1653938      -1.43481884E-07   3.75147533       2.62436969E-03   75.8362732       9.62428771E-07   47007.3047      -6.79530203E-05  -4.24155593E-02  -8.69475025E-06
   10.2551270       2.24599361E-07   6879.71436       8.28826145E-08 -0.119021416      -8.48229320E-05  -46859.2969      -4.75713762E-07   69.6624603       1.60657225E-06  -1.65122747E-03   2.81049751E-07
 -0.590820789      -2.32086328E-04   1.16381645E-02  -8.19563883E-09   164.705185       6.37398809E-02  -7.81440735E-02   3.18884844E-07  -4.05545425      -1.64054928E-03 -0.257452160      -2.11172926E-04
  -72.2476807      -2.76724177E-06  -47177.6016       4.03781905E-06  0.833685875       5.94500103E-04   321505.625      -2.84597754E-05  -490.799927      -1.95174944E-05   1.13162994E-02  -1.97138547E-06
   47333.5117      -6.78265496E-05  -78.6434479      -2.94763595E-07   26.4435272       1.84835643E-02   534.085205       2.13906173E-06   322552.000      -4.80434304E-04 -0.293420792      -6.12361982E-05
   9.49616879E-02  -4.52258973E-06   2.53439695E-03   6.22821961E-10   1.74492133       1.24277594E-03  -1.71107054E-02  -1.36904417E-08  0.641316652      -3.19811988E-05  -6.78165536E-03  -4.11738392E-06
   132.750946      -1.57069695      0.214988232       1.57210147       3.11583114      -3.11104655       1.46009278      -1.56951594       904.143555      -1.57069647       4.81302524E-03  0.186291531    
   6900.62939      -2.41713897E-05  -11.1742249      -7.45257637E-07   3.77308941       6.95059868E-03   75.8925781       5.13980604E-06   46999.3125      -1.75795110E-04  -4.24546003E-02  -2.30133192E-05
   10.2454796       6.23888710E-08   6878.54980       1.71849399E-06 -0.113953233      -2.14807718E-04  -46851.2031      -7.16731711E-06   69.6007690       4.26798522E-07  -1.67101622E-03   7.11127484E-07
 -0.592904568      -6.15116151E-04   1.13816261E-02   3.96005959E-07   165.185883      0.168765664      -7.67707825E-02  -2.58075943E-06  -4.07003784      -4.34928294E-03 -0.258872509      -5.58785279E-04
  -72.1737518      -4.39393443E-06  -47169.7578      -9.85562474E-06  0.797404289       1.50335429E-03   321451.031       3.61560960E-05  -490.291016      -3.13416640E-05   1.14505291E-02  -4.97000565E-06
   47325.8086      -1.70330124E-04  -78.7088470      -1.52586369E-06   26.5973358       4.89561446E-02   534.529785       9.78744811E-06   322498.344      -1.23741210E-03 -0.293710232      -1.62093929E-04
   9.49869305E-02  -1.20045934E-05   2.65055150E-03   3.37651951E-09   1.75600827       3.29359248E-03  -1.79292560E-02  -8.10364682E-08  0.641497850      -8.48870623E-05  -6.81205653E-03  -1.09051462E-05
   217.102936      -1.57068801      0.351800710       1.57231116       5.04542589      -3.10631871       2.38925171      -1.56927884       1478.63647      -1.57068765       7.67121231E-03  0.200986132    
   6899.25195       2.65217368E-05  -11.1785011       9.85860083E-07   3.80113602       1.44084627E-02   75.9226227      -6.65067000E-06   46989.7305       1.50114647E-04  -4.25362885E-02  -4.76687856E-05
   10.2327042       1.24368057E-06   6877.14648       8.09651610E-05 -0.121627569      -4.68890968E-04  -46841.3906      -5.34547202E-04   69.5149689       8.85413829E-06  -1.64172053E-03   1.55229122E-06
 -0.595036030      -1.27596431E-03   1.16338730E-02   1.03976663E-06   165.658813      0.349031687      -7.93266296E-02  -6.79420009E-06  -4.08505249      -9.01835877E-03 -0.260252297      -1.15470681E-03
  -72.0946350      -5.55798897E-06  -47160.4141      -5.47664822E-04  0.852636337       3.28705250E-03   321386.000       3.61497072E-03  -489.724609      -4.20306787E-05   1.12452507E-02  -1.08833128E-05
   47316.6523       1.72113127E-04  -78.7355042      -1.99222450E-06   26.7933922      0.101483963       534.701782       1.60303971E-05   322434.500       9.61823796E-04 -0.294281721      -3.35736200E-04
   9.50210690E-02  -2.49147542E-05   2.56370008E-03   1.28151889E-09   1.76747608       6.81988616E-03  -1.73023343E-02  -8.49936441E-08  0.641718328      -1.76190835E-04  -6.84533548E-03  -2.25623608E-05
   321.918671      -1.57067668      0.521057129       1.57255137       7.38091707      -3.10076189       3.53875375      -1.56905186       2192.48853      -1.57067657       1.09798247E-02  0.219664350    
   6897.52100       2.06150929E-04  -11.1624374       5.43364024E-07   3.82689285       2.56989133E-02   75.8121033      -3.74008505E-06   46977.7266       1.31171825E-03  -4.25750613E-02  -8.49381613E-05
   10.2222443      -1.28112436E-06   6875.37939       3.03375156E-04 -0.122025847      -8.35012528E-04  -46829.1758      -1.99832511E-03   69.4428558      -8.44463102E-06  -1.63897872E-03   2.75783123E-06
 -0.597119808      -2.27717264E-03   1.16281509E-02   1.51505276E-06   166.100067      0.621380270      -7.91130066E-02  -1.23783038E-05  -4.09832382      -1.60978548E-02 -0.261438638      -2.05364311E-03
  -72.0202942       4.81784764E-06  -47148.5898      -2.07986473E-03  0.854954720       5.84844127E-03   321304.000       1.37029914E-02  -489.216064       3.09985444E-05   1.12376213E-02  -1.93353226E-05
   47305.0742       1.38527807E-03  -78.6252594       7.47775266E-06   26.9751129      0.181004643       533.942749      -5.16729706E-05   322354.125       8.79869144E-03 -0.294579029      -5.98219398E-04
   9.51028392E-02  -4.45510632E-05   2.57951021E-03   3.70704392E-08   1.77888143       1.21596921E-02  -1.74240470E-02  -3.30813378E-07  0.642245173      -3.15030251E-04  -6.87174685E-03  -4.01873986E-05
   447.091187      -1.57066333      0.724292278       1.57279003       10.0712814      -3.09457850       4.91867733      -1.56880307       3044.96191      -1.57066345       1.45590995E-02  0.242947608    
   6896.00391       7.55733810E-04  -11.1699047       3.81509653E-06   3.84452438       4.13726494E-02   75.8551941      -2.49879540E-05   46967.1367       4.88652987E-03  -4.26152349E-02  -1.36572431E-04
   10.2148972       2.47519165E-06   6873.83105       9.19889426E-04 -0.119439602      -1.31099764E-03  -46818.3398      -6.04390260E-03   69.3922272       1.75345231E-05  -1.64863467E-03   4.33051537E-06
 -0.598862648      -3.67710483E-03   1.18823051E-02   3.82032340E-06   166.459488      0.999662757      -7.91969299E-02  -2.43588365E-05  -4.11108780      -2.59769205E-02 -0.262348413      -3.29984468E-03
  -71.9746857      -2.69210432E-05  -47138.4648      -6.23753946E-03  0.837183952       9.18940920E-03   321233.156       4.09751423E-02  -488.877441      -1.92227351E-04   1.12948418E-02  -3.03388442E-05
   47295.1719       5.10593411E-03  -78.6702271       3.36796656E-05   27.0990982      0.291396201       534.260376      -2.28360295E-04   322284.719       3.29873785E-02 -0.294846535      -9.61918151E-04
   9.51162204E-02  -7.20697572E-05   2.60991603E-03   7.99464388E-08   1.78934824       1.95983518E-02  -1.76052451E-02  -4.63760614E-07  0.642321825      -5.09424892E-04  -6.90043438E-03  -6.46933186E-05
   592.392334      -1.57064712      0.958354831       1.57313907       13.0549707      -3.08787036       6.50817251      -1.56846201       4034.49292      -1.57064748       1.81892682E-02  0.271625340    
   6893.66504       2.24869209E-03  -11.1493454       2.98464170E-06   3.87008333       6.20588735E-02   75.7213593      -2.15518230E-05   46950.8945       1.46656856E-02  -4.26610708E-02  -2.04578711E-04
   10.2065926      -2.49394111E-06   6871.47021       2.50457716E-03 -0.123104811      -2.01742770E-03  -46801.9375      -1.64683964E-02   69.3360901      -1.58316016E-05  -1.63203478E-03   6.64715299E-06
 -0.600852013      -5.52218873E-03   1.18255615E-02   7.61090450E-06   166.730698       1.49428141      -8.12416077E-02  -5.93457880E-05  -4.12454224      -3.90052460E-02 -0.262889028      -4.92561376E-03
  -71.9106903       5.83034889E-05  -47122.7461      -1.70295704E-02  0.862257957       1.41205303E-02   321124.188      0.111970104      -488.443481       3.93897702E-04   1.11851692E-02  -4.65949379E-05
   47279.6602       1.52405435E-02  -78.5301666       4.82731921E-05   27.2789497      0.437091291       533.263062      -3.33706208E-04   322177.125       9.93609130E-02 -0.295172215      -1.44085777E-03
   9.52829570E-02  -1.08406537E-04   2.60603428E-03   1.78585850E-07   1.79854846       2.93559767E-02  -1.76028013E-02  -1.28198644E-06  0.643418610      -7.65889999E-04  -6.91629015E-03  -9.67663946E-05
   757.599304      -1.57062840       1.22438157       1.57348609       16.2565994      -3.08100605       8.31490421      -1.56811070       5159.54248      -1.57062912       2.16095503E-02  0.306593031    
   6890.61133       5.43495547E-03  -11.1326942       1.79328854E-05   3.88072920       8.77944008E-02   75.6030579      -1.22401136E-04   46929.6562       3.55513133E-02  -4.26323116E-02  -2.88967392E-04
   10.2060928       1.38234077E-06   6868.36426       5.81653509E-03 -0.122529149      -2.81734695E-03  -46780.3906      -3.82369831E-02   69.3261719       1.08640124E-05  -1.64413452E-03   9.26784651E-06
 -0.602033615      -7.83857051E-03   1.18031502E-02   1.62190317E-05   166.881134       2.11178899      -8.06350708E-02  -1.08496992E-04  -4.13182831      -5.53577356E-02 -0.262975812      -6.94991089E-03
  -71.9045563       9.87944441E-06  -47101.9219      -3.96217592E-02  0.859242439       1.97405815E-02   320979.281      0.260481447      -488.415649       6.15097597E-05   1.12688541E-02  -6.49883077E-05
   47259.1523       3.69019210E-02  -78.4134216       1.51002547E-04   27.3537579      0.618351221       532.466797      -1.05136202E-03   322034.500      0.241344050     -0.294980764      -2.03522085E-03
   9.53186825E-02  -1.54326161E-04   2.64547020E-03   2.88430584E-07   1.80604839       4.15871814E-02  -1.78860426E-02  -2.41030079E-06  0.643629253      -1.08991936E-03  -6.92737103E-03  -1.36863804E-04
   942.540344      -1.57060623       1.52236438       1.57395697       19.5904121      -3.07411718       10.3386469      -1.56764185       6418.92773      -1.57060742       2.45366767E-02  0.350281686    
   6887.54785       1.16903409E-02  -11.1206493       3.65284395E-05   3.89445972      0.119046398       75.5229340      -2.52344355E-04   46908.3164       7.65675455E-02  -4.26217914E-02  -3.91141744E-04
   10.1979179      -2.37661625E-05   6865.25586       1.22746117E-02 -0.125539541      -3.91882006E-03  -46758.7109      -8.06661025E-02   69.2711334      -1.62655298E-04  -1.62550807E-03   1.28740949E-05
 -0.603319168      -1.06644146E-02   1.22365952E-02   2.99649582E-05   166.897415       2.85475254      -8.31108093E-02  -1.99604037E-04  -4.14162827      -7.52944723E-02 -0.262574911      -9.37803090E-03
  -71.8513489       1.51517030E-04  -47081.1758      -8.35920423E-02  0.879647255       2.74462830E-02   320834.750      0.549368143      -488.026733       1.03096419E-03   1.11320019E-02  -9.01689928E-05
   47238.6953       7.94767886E-02  -78.3297577       2.12577419E-04   27.4507618      0.838462770       531.894409      -1.47491356E-03   321891.938      0.520490706     -0.294913054      -2.75489641E-03
   9.55433026E-02  -2.10340702E-04   2.55441666E-03   4.84633688E-07   1.81146586       5.63696101E-02  -1.72254443E-02  -4.06248228E-06  0.645187855      -1.48524693E-03  -6.93154382E-03  -1.85177472E-04
   1146.91956      -1.57058060       1.85450768       1.57435513       22.9603577      -3.06752872       12.5942669      -1.56724262       7810.62207      -1.57058215       2.66661998E-02  0.406052977    
   6884.16650       2.30657887E-02  -11.1250763       6.71918460E-05   3.90463138      0.155780181       75.5523682      -4.65284800E-04   46884.7773      0.151145980      -4.25998271E-02  -5.10861457E-04
   10.1797218      -5.44375034E-05   6861.81836       2.39545628E-02 -0.121621728      -4.93774889E-03  -46734.8125     -0.157361731       69.1487122      -3.72985989E-04  -1.63635612E-03   1.61673979E-05
 -0.603919983      -1.39883244E-02   1.20811462E-02   4.76531823E-05   166.768646       3.72170997      -8.22181702E-02  -2.92618410E-04  -4.14425659      -9.87204760E-02 -0.261646032      -1.22014694E-02
  -71.7204590       2.30725549E-04  -47058.2227     -0.163010031      0.852628708       3.45950909E-02   320674.906       1.07083881      -487.139404       1.58972968E-03   1.12206936E-02  -1.13390000E-04
   47216.1836      0.156841427      -78.3681641       4.29330976E-04   27.5219917       1.09717822       532.129761      -2.97611137E-03   321734.938       1.02767241     -0.294763088      -3.59802903E-03
   9.57287103E-02  -2.76563514E-04   2.63680518E-03   8.96629842E-07   1.81474864       7.37145916E-02  -1.77841187E-02  -5.47070294E-06  0.646396279      -1.95212406E-03  -6.92918943E-03  -2.41670336E-04
   1370.27209      -1.57055068       2.21637845       1.57493079       26.2617016      -3.06161404       15.0510664      -1.56668317       9331.41211      -1.57055295       2.76999809E-02  0.479746103    
   6879.67285       4.23173346E-02  -11.1188869       1.38072253E-04   3.90317106      0.197477952       75.5056610      -9.53791663E-04   46853.4336      0.277285278      -4.25120890E-02  -6.46223372E-04
   10.1718521      -1.11730646E-04   6857.26562       4.36153002E-02 -0.129926682      -6.70350483E-03  -46703.0859     -0.286341488       69.0947876      -7.66514684E-04  -1.60238147E-03   2.19377416E-05
 -0.603841305      -1.78208649E-02   1.25751495E-02   5.97043909E-05   166.488388       4.70736122      -8.39233398E-02  -4.57510643E-04  -4.14416885     -0.125692546     -0.260174304      -1.53987985E-02
  -71.6716003       7.66983372E-04  -47027.5625     -0.296845466      0.909414291       4.69323732E-02   320461.094       1.94883871      -486.799194       5.26628317E-03   1.09784603E-02  -1.53465313E-04
   47185.9102      0.287873238      -78.3241119       1.00514654E-03   27.5116539       1.39083815       531.847534      -6.94010686E-03   321523.688       1.88619781     -0.294169188      -4.55130916E-03
   9.59082693E-02  -3.53273004E-04   2.57249922E-03   1.40120335E-06   1.81576931       9.35591161E-02  -1.73640251E-02  -9.01520252E-06  0.647606313      -2.49237055E-03  -6.91686710E-03  -3.06052068E-04
   1612.42334      -1.57051551       2.60187578       1.57534266       29.3870335      -3.05663037       17.6687889      -1.56626332       10980.1416      -1.57051849       2.74093915E-02  0.583369434    
   6875.13916       7.35498592E-02  -11.0830746       2.68512405E-04   3.90486884      0.244617119       75.2599792      -1.84921257E-03   46821.9141      0.481902897      -4.24370170E-02  -7.98728608E-04
   10.1483154      -1.86846373E-04   6852.67871       7.54223913E-02 -0.123531818      -7.87068903E-03  -46671.1875     -0.494939476       68.9309540      -1.28680340E-03  -1.62556767E-03   2.56591411E-05
 -0.603864193      -2.21594423E-02   1.24206543E-02   8.57056366E-05   166.071671       5.80324173      -8.38012695E-02  -6.62154576E-04  -4.14289093     -0.156229869     -0.258183420      -1.89381223E-02
  -71.5030975       1.15629018E-03  -46996.7695     -0.513246536      0.866389275       5.51715791E-02   320246.875       3.36801720      -485.664307       7.96510465E-03   1.11336708E-02  -1.79971845E-04
   47155.4727      0.500371754      -78.0669403       1.81547389E-03   27.5232525       1.72285032       530.096436      -1.25092436E-02   321312.250       3.27833891     -0.293641329      -5.62538952E-03
   9.61350948E-02  -4.40136733E-04   2.68717855E-03   2.19451704E-06   1.81436718      0.115758635      -1.81357265E-02  -1.32897521E-05  0.649124861      -3.10514309E-03  -6.89049624E-03  -3.77763674E-04
   1873.10767      -1.57047474       3.01758313       1.57598853       32.2187614      -3.05311322       20.4899330      -1.56561065       12754.9834      -1.57047868       2.57349052E-02  0.739533663    
   6870.90918      0.120920978      -11.0548325       4.43605240E-04   3.89399219      0.295766950       75.0684052      -3.05347424E-03   46792.5234      0.791806698      -4.23272848E-02  -9.63432249E-04
   10.1240387      -3.88482265E-04   6848.39258      0.123723097     -0.125096202      -9.66254808E-03  -46641.4258     -0.811266303       68.7640839      -2.66598002E-03  -1.62568688E-03   3.14398058E-05
 -0.602944374      -2.69413758E-02   1.26695633E-02   1.25628838E-04   165.503952       6.99773026      -8.63075256E-02  -8.91296251E-04  -4.13661957     -0.189838573     -0.255727291      -2.27769725E-02
  -71.3354950       2.57080654E-03  -46968.3164     -0.841956615      0.877500534       6.77123815E-02   320049.062       5.52077770      -484.477783       1.76513027E-02   1.11367702E-02  -2.20185815E-04
   47127.4258      0.822796106      -77.8734131       2.90255016E-03   27.4476891       2.08319592       528.772461      -2.00375319E-02   321117.125       5.38764095     -0.292880774      -6.78560045E-03
   9.63177681E-02  -5.37203101E-04   2.63202935E-03   2.73283126E-06   1.81009126      0.140106693      -1.77703500E-02  -1.79357685E-05  0.650349200      -3.78832291E-03  -6.85426826E-03  -4.56034904E-04
   2151.55225      -1.57042706       3.47104764       1.57649970       34.6337204      -3.05152035       23.5687294      -1.56511188       14650.5547      -1.57043219       2.30658054E-02  0.997456729    
   6865.62158      0.190898746      -11.0593262       7.46166625E-04   3.87864113      0.351012647       75.0936127      -5.13117295E-03   46755.6328       1.24922919      -4.21865880E-02  -1.14046514E-03
   10.1338692      -5.46492753E-04   6843.01123      0.194969207     -0.122877121      -1.13981394E-02  -46603.9258      -1.27743411       68.8342285      -3.75640322E-03  -1.61969662E-03   3.69407389E-05
 -0.601772785      -3.21681574E-02   1.24597549E-02   1.72416650E-04   164.785172       8.27610588      -8.49418640E-02  -1.07257511E-03  -4.12645531     -0.226694778     -0.252704501      -2.68623009E-02
  -71.4074554       3.61196580E-03  -46932.2031      -1.32657731      0.860941887       7.98241869E-02   319797.188       8.69158459      -485.003906       2.48799939E-02   1.11041069E-02  -2.58798187E-04
   47091.9922       1.29905307      -77.9037018       5.07297320E-03   27.3391781       2.47231960       528.938477      -3.49845774E-02   320869.594       8.50074768     -0.291898251      -8.03244952E-03
   9.65745300E-02  -6.42697036E-04   2.72163004E-03   3.95914731E-06   1.80436003      0.166463912      -1.83956623E-02  -2.75413458E-05  0.652084708      -4.52763028E-03  -6.81844307E-03  -5.40303183E-04
   2447.42749      -1.57037139       3.93614221       1.57705832       36.5261955      -3.05248165       26.7249203      -1.56455827       16664.7012      -1.57037795       2.12535784E-02   1.42755759    
   6859.93799      0.290714890      -11.0100288       1.10502180E-03   3.86188459      0.409706891       74.7584686      -7.61260139E-03   46716.1328       1.90108180      -4.20159101E-02  -1.32752256E-03
   10.0846786      -9.05121327E-04   6837.27441      0.296674997     -0.119262099      -1.28615759E-02  -46564.0586      -1.94228375       68.4982300      -6.22888841E-03  -1.63733959E-03   4.14948263E-05
 -0.600699425      -3.78324799E-02   1.23929977E-02   2.39260335E-04   163.956833       9.62414551      -8.37669373E-02  -1.52521720E-03  -4.11798859     -0.266265184     -0.249289095      -3.11446190E-02
  -71.0638275       6.33059768E-03  -46893.7461      -2.01924181      0.835697174       9.01665986E-02   319530.062       13.2196646      -482.649292       4.36308347E-02   1.12173557E-02  -2.90930475E-04
   47053.8711       1.97868550      -77.5664062       7.30239134E-03   27.2209740       2.88575721       526.654053      -5.04027382E-02   320604.750       12.9391317     -0.290703773      -9.35022440E-03
   9.69053507E-02  -7.57779286E-04   2.79802829E-03   4.67178779E-06   1.79603267      0.194437638      -1.89200044E-02  -3.13972923E-05  0.654321551      -5.33883600E-03  -6.76311692E-03  -6.29218004E-04
   2760.51733      -1.57030702       4.45050907       1.57783890       37.7669334      -3.05689573       30.2177887      -1.56377685       18795.8633      -1.57031536       2.42618602E-02   1.99040198    
   6854.61914      0.427898318      -11.0241127       1.84957241E-03   3.83902812      0.471156299       74.8550720      -1.27190938E-02   46679.0742       2.79571748      -4.18629050E-02  -1.52239262E-03
   10.0923347      -1.36394752E-03   6831.86035      0.436332971     -0.123987675      -1.56079894E-02  -46526.3555      -2.85395217       68.5424347      -9.39528551E-03  -1.60923600E-03   5.02663097E-05
 -0.598842621      -4.38422039E-02   1.30891800E-02   3.46196583E-04   162.994247       11.0237083      -8.73031616E-02  -2.29014689E-03  -4.10409355     -0.308433831     -0.245435089      -3.55595909E-02
  -71.1183929       9.34013352E-03  -46857.7070      -2.96996117      0.869500160      0.109467454       319278.875       19.4258480      -482.967529       6.44109920E-02   1.10213757E-02  -3.53049283E-04
   47018.5352       2.91254878      -77.6593475       1.26940915E-02   27.0615540       3.31888795       527.269775      -8.73440728E-02   320358.062       19.0292130     -0.289652824      -1.07235359E-02
   9.72880647E-02  -8.80412408E-04   2.69457698E-03   6.30558634E-06   1.78589666      0.223827809      -1.82211995E-02  -4.14209753E-05  0.656911612      -6.19919877E-03  -6.70980429E-03  -7.22009048E-04
   3089.43774      -1.57023287       4.95793056       1.57851422       38.2545280      -3.06599665       33.6609383      -1.56310594       21034.5938      -1.57024336       3.48388143E-02   2.43880677    
   6847.62451      0.611221433      -10.9562340       2.79990118E-03   3.81104326      0.534147620       74.3884583      -1.92760788E-02   46630.4883       3.98947287      -4.16382551E-02  -1.72082905E-03
   10.0421829      -2.38364446E-03   6824.81787      0.623356104     -0.122968435      -1.75363384E-02  -46477.4297      -4.07311535       68.2000885      -1.63840931E-02  -1.61805749E-03   5.61444067E-05
 -0.596762657      -5.01681231E-02   1.29323006E-02   3.99215380E-04   161.939590       12.4590254      -8.83789062E-02  -2.53651687E-03  -4.08837318     -0.352686375     -0.241231695      -4.00537848E-02
  -70.7730560       1.63440630E-02  -46810.3516      -4.24298000      0.861643791      0.122936614       318949.562       27.7243328      -480.599487      0.112413272       1.10845566E-02  -3.94070725E-04
   46971.5156       4.16055679      -77.1875763       1.85413118E-02   26.8637505       3.76262522       524.034790     -0.127698064       320031.344       27.1558876     -0.288093805      -1.21212667E-02
   9.75459069E-02  -1.01111445E-03   2.73067504E-03   8.32629848E-06   1.77418733      0.254290015      -1.84152722E-02  -5.58946231E-05  0.658622801      -7.11417804E-03  -6.64203661E-03  -8.17501568E-04
   3434.60278      -1.57014847       5.52806044       1.57913888       37.8762741      -3.08154011       37.5322227      -1.56248510       23383.7031      -1.57016146       5.23093455E-02   2.70811105    
   6841.41113      0.847743988      -10.9713249       3.88933346E-03   3.78233242      0.599184275       74.4884491      -2.67595537E-02   46587.1445       5.52617216      -4.14542556E-02  -1.92450185E-03
   10.0468330      -3.34086572E-03   6818.48193      0.864410639     -0.119976640      -1.95435062E-02  -46433.3125      -5.64093256       68.2322845      -2.29823869E-02  -1.61844492E-03   6.24506865E-05
 -0.594315529      -5.67828268E-02   1.31216049E-02   4.98100242E-04   160.782333       13.9120064      -8.76903534E-02  -3.17341369E-03  -4.07000542     -0.398983449     -0.236717910      -4.45641689E-02
  -70.8104248       2.20876168E-02  -46768.1133      -5.88428402      0.840584755      0.136947215       318655.344       38.3995056      -480.853394      0.152102858       1.11014843E-02  -4.37784794E-04
   46930.1445       5.77092695      -77.3003540       2.58440599E-02   26.6614761       4.22071552       524.771606     -0.177979976       319742.750       37.6184845     -0.286801100      -1.35556860E-02
   9.79673117E-02  -1.14689989E-03   2.80398875E-03   1.09764542E-05   1.76091158      0.285546124      -1.89464688E-02  -7.10007516E-05  0.661465585      -8.06773175E-03  -6.57543121E-03  -9.14686127E-04
   3794.13672      -1.57005274       6.07533121       1.57991397       36.5529671      -3.10641551       41.2413406      -1.56170928       25830.3809      -1.57006884       7.56106079E-02   2.86997437    
   6833.46924       1.14759552      -10.8934975       5.75302960E-03   3.75318241      0.665158570       73.9574890      -3.95456217E-02   46532.0352       7.47050667      -4.12200391E-02  -2.12999480E-03
   9.96337891      -4.87465644E-03   6810.48584       1.17108500     -0.122255206      -2.22144760E-02  -46377.8320      -7.63205481       67.6574402      -3.35085653E-02  -1.60932541E-03   7.05219209E-05
 -0.591876030      -6.37276247E-02   1.34081841E-02   6.10434276E-04   159.564270       15.3684139      -9.16824341E-02  -4.29774728E-03  -4.05246353     -0.447384894     -0.231971055      -4.90443222E-02
  -70.2156372       3.28806043E-02  -46714.3867      -7.97208786      0.857791901      0.155905455       318282.281       51.9547882      -476.811035      0.226310968       1.10242367E-02  -4.95338812E-04
   46876.7812       7.81289673      -76.7542419       3.82325314E-02   26.4563961       4.68576193       521.059204     -0.263134032       319372.312       50.8593407     -0.285166502      -1.50028551E-02
   9.82246473E-02  -1.28935720E-03   2.79746205E-03   1.39400981E-05   1.74640810      0.317243069      -1.88890696E-02  -9.17574653E-05  0.663199067      -9.06773191E-03  -6.49521686E-03  -1.01239921E-03
   4168.36523      -1.56994557       6.71331978       1.58042192       34.1955490       3.13754535       45.5721130      -1.56119740       28376.7676      -1.56996536      0.104574539       2.97533512    
   6825.89355       1.51576686      -10.9353180       7.91351777E-03   3.72136140      0.730957866       74.2354279      -5.43981716E-02   46479.2812       9.85107803      -4.10047472E-02  -2.33298447E-03
   9.98449326      -7.15878047E-03   6802.79297       1.54812396     -0.118370175      -2.37337332E-02  -46324.2500      -10.0733814       67.7999420      -4.91805114E-02  -1.61972642E-03   7.51280822E-05
 -0.589061975      -7.07726553E-02   1.33557320E-02   7.41873228E-04   158.263809       16.8093090      -8.95576477E-02  -5.12757199E-03  -4.03117371     -0.496551871     -0.226962239      -5.34278825E-02
  -70.3681793       4.85544056E-02  -46662.8984      -10.5392141      0.829461098      0.166375503       317923.625       68.5769424      -477.815796      0.333887488       1.10979080E-02  -5.26009244E-04
   46826.1367       10.3196430      -77.0512085       5.28424159E-02   26.2321091       5.14962530       523.025269     -0.363505721       319019.000       67.0675888     -0.283666372      -1.64330024E-02
   9.88031477E-02  -1.43758010E-03   2.87449360E-03   1.56330589E-05   1.73152125      0.349282801      -1.93657875E-02  -1.03197810E-04  0.667123973      -1.01020895E-02  -6.42235065E-03  -1.11018470E-03
   4555.81934      -1.56982768       7.26960039       1.58112550       30.8191872       3.07476902       49.3471527      -1.56051385       31013.0234      -1.56985176      0.139034405       3.04917073    
   6817.47852       1.95850778      -10.8105125       1.07854577E-02   3.68016291      0.794464707       73.3832550      -7.41264969E-02   46420.9531       12.7049198      -4.07358706E-02  -2.52741296E-03
   9.90145493      -9.43232980E-03   6794.34424       2.00215554     -0.114421248      -2.52640359E-02  -46265.7305      -13.0045576       67.2319946      -6.47885501E-02  -1.63555145E-03   7.94037551E-05
 -0.585949421      -7.81256855E-02   1.33147240E-02   8.41162633E-04   156.943878       18.2278194      -9.11655426E-02  -5.75976493E-03  -4.00843811     -0.547680378     -0.221897721      -5.76971956E-02
  -69.7882385       6.36770651E-02  -46606.3320      -13.6299372      0.801776886      0.177099735       317531.562       88.5300064      -473.857910      0.437743425       1.12187862E-02  -5.55890729E-04
   46769.7812       13.3347692      -76.1708221       7.23700896E-02   25.9422016       5.59740877       517.060425     -0.497817278       318628.344       86.5027008     -0.281795979      -1.78049076E-02
   9.89669114E-02  -1.58714526E-03   2.90862471E-03   1.96079891E-05   1.71471560      0.380982548      -1.96612477E-02  -1.28959815E-04  0.668235421      -1.11495946E-02  -6.33205799E-03  -1.20593735E-03
   4955.65967      -1.56969798       7.93551350       1.58186114       26.4414463       2.96952438       53.8660431      -1.55979431       33733.0742      -1.56972718      0.179505646       3.10421181    
   6808.31641       2.47805524      -10.8212852       1.50813460E-02   3.64493346      0.857846320       73.4566040     -0.103569873       46357.1992       16.0416927      -4.04705703E-02  -2.71940557E-03
   9.89843750      -1.36559904E-02   6785.06250       2.53613305     -0.122046471      -2.99047381E-02  -46201.1641      -16.4401283       67.2097473      -9.37493593E-02  -1.59329176E-03   9.40441168E-05
 -0.583491802      -8.55814964E-02   1.37157440E-02   1.08575018E-03   155.565964       19.6019592      -9.30805206E-02  -7.44192349E-03  -3.98947906     -0.599191308     -0.216600597      -6.17741495E-02
  -69.7752075       9.19619426E-02  -46543.9258      -17.2665863      0.856008530      0.209732279       317097.219       111.928123      -473.743530      0.631883264       1.09038353E-02  -6.58736681E-04
   46708.2383       16.8735027      -76.2569580      0.101762339       25.6947021       6.04447317       517.603149     -0.699264348       318199.875       109.230179     -0.279960394      -1.91572271E-02
   9.95624885E-02  -1.74630294E-03   2.90858001E-03   2.62699905E-05   1.69951487      0.412843794      -1.96270943E-02  -1.74126544E-04  0.672212005      -1.22587467E-02  -6.25417242E-03  -1.30104704E-03
   5367.78760      -1.56956005       8.59118176       1.58263445       21.4511852       2.77999163       58.3080254      -1.55901515       36536.6133      -1.56959510      0.225898579      -3.13655066    
   6799.54834       3.06289315      -10.7881889       2.02947110E-02   3.61431861      0.921353042       73.2298126     -0.139342874       46296.3867       19.7754784      -4.02484536E-02  -2.91067199E-03
   9.86822510      -1.81083828E-02   6776.16797       3.14048576     -0.114896655      -3.01998556E-02  -46139.5234      -20.3073235       67.0024567     -0.124301858      -1.61620975E-03   9.37742079E-05
 -0.580545425      -9.31921825E-02   1.39405727E-02   1.30811415E-03   154.177658       20.9307976      -9.51576233E-02  -8.66699219E-03  -3.96775246     -0.652079582     -0.211340755      -6.56616166E-02
  -69.5654602      0.120429367      -46484.5859      -21.3823967      0.805075645      0.211716756       316685.656       138.265137      -472.315918      0.827226758       1.10740662E-02  -6.57568045E-04
   46649.7891       20.8569851      -76.0267181      0.136459306       25.4788437       6.49253559       516.026733     -0.937473059       317794.125       134.662003     -0.278405190      -2.05056369E-02
  0.100095034      -1.90603908E-03   2.81681120E-03   2.77502204E-05   1.68249273      0.443878829      -1.90122128E-02  -1.83922908E-04  0.675836921      -1.33770127E-02  -6.16667606E-03  -1.39248499E-03
   5789.19775      -1.56941426       9.21050644       1.58299029       17.0000248       2.41377306       62.5178146      -1.55868471       39402.8477      -1.56945598      0.278535098      -3.10221791    
   6788.56250       3.71781111      -10.6913452       2.64631920E-02   3.56647015      0.977305710       72.5651703     -0.181608289       46220.2773       23.9346771      -3.99141908E-02  -3.07638408E-03
   9.76174927      -2.37107221E-02   6765.15381       3.81898808     -0.116694331      -3.31987515E-02  -46063.2148      -24.6278000       66.2779083     -0.162685588      -1.60619617E-03   1.03100261E-04
 -0.577235222     -0.100932978       1.38266087E-02   1.45436963E-03   152.783005       22.2009525      -9.28153992E-02  -1.00352755E-02  -3.94294167     -0.705640495     -0.206033781      -6.93170205E-02
  -68.8100739      0.160573691      -46410.4648      -26.0031967      0.817744255      0.232766613       316171.844       167.688736      -467.165405       1.10251117       1.10023022E-02  -7.22918310E-04
   46575.8320       25.3183498      -75.3516693      0.178798601       25.1426640       6.88777876       511.404297      -1.22784472       317281.812       162.994949     -0.276075840      -2.16754731E-02
  0.100237593      -2.07475922E-03   3.00877541E-03   3.32391246E-05   1.66597295      0.474309266      -2.03243494E-02  -2.18465037E-04  0.676775098      -1.45505555E-02  -6.07491983E-03  -1.48091104E-03
   6220.78906      -1.56926239       9.96445370       1.58317149       16.1579285       1.80980742       67.6282501      -1.55849791       42337.8438      -1.56931162      0.337882042      -3.07439876    
   6777.86377       4.41512728      -10.7283897       3.56548615E-02   3.53897619       1.03696847       72.8140411     -0.244543552       46145.9648       28.3233700      -3.96821797E-02  -3.25196050E-03
   9.78427887      -3.19150388E-02   6754.30420       4.54689360     -0.115555525      -3.39159034E-02  -45987.8867      -29.2254791       66.4302521     -0.218839824      -1.60545111E-03   1.03102626E-04
 -0.574779272     -0.108775608       1.37028694E-02   1.66169100E-03   151.363007       23.3967609      -9.31091309E-02  -1.12977019E-02  -3.92461205     -0.759653151     -0.200634286      -7.26854429E-02
  -68.9793091      0.214985415      -46337.6133      -30.9614143      0.810613632      0.238009661       315666.062       199.006729      -468.255981       1.47509599       1.10111237E-02  -7.21702410E-04
   46504.0859       30.0690727      -75.6187134      0.240835994       24.9492912       7.30890417       513.213379      -1.65286446       316782.969       192.894867     -0.274462700      -2.29148995E-02
  0.101027958      -2.24689348E-03   3.05163115E-03   4.03610211E-05   1.65069032      0.504228592      -2.06103325E-02  -2.70479999E-04  0.682092309      -1.57451984E-02  -5.99479815E-03  -1.56645838E-03
   6661.14111      -1.56911111       10.6261120       1.58413398       21.8150444       1.26586390       72.1105270      -1.55752361       45332.3047      -1.56916893      0.403766185      -3.05111742    
   6767.01416       5.12528515      -10.6483345       4.65985052E-02   3.50457859       1.09108531       72.2662659     -0.319351345       46070.9023       32.7334099      -3.94192934E-02  -3.40940594E-03
   9.71916580      -3.99871655E-02   6743.36230       5.29489470     -0.112740874      -3.65349613E-02  -45912.2031      -33.8938675       65.9818268     -0.274093688      -1.60440803E-03   1.12135727E-04
 -0.572145462     -0.116886273       1.44965649E-02   2.00247159E-03   149.976990       24.5319023      -9.77230072E-02  -1.36314016E-02  -3.90474129     -0.815445602     -0.195412561      -7.58225247E-02
  -68.5235901      0.270328939      -46264.4258      -36.0566483      0.790045738      0.256191283       315159.594       230.806931      -465.168823       1.85438967       1.09984875E-02  -7.85820361E-04
   46431.5742       34.9077454      -75.0559082      0.314823329       24.7063713       7.69151354       509.351318      -2.15871429       316281.156       222.943192     -0.272639275      -2.40271911E-02
  0.101495124      -2.41900608E-03   2.87233293E-03   4.88343539E-05   1.63404298      0.532724321      -1.93982124E-02  -3.20507243E-04  0.685220599      -1.69445295E-02  -5.90364914E-03  -1.64652802E-03
   7106.99414      -1.56896126       11.2471066       1.58400714       32.4833641      0.963196754       76.3219910      -1.55768108       48363.6445      -1.56902862      0.476563543      -3.03132558    
   6753.91162       5.83725786      -10.5194492       5.96243851E-02   3.46255159       1.13886607       71.3900299     -0.408452064       45980.3047       37.0880089      -3.90852988E-02  -3.54486494E-03
   9.63251495      -5.02151437E-02   6730.22559       6.05120611     -0.113997459      -3.79040837E-02  -45821.4023      -38.5510674       65.3914185     -0.344163567      -1.60354376E-03   1.13993563E-04
 -0.569156408     -0.125024781       1.42817497E-02   2.23308406E-03   148.599548       25.5865154      -9.65805054E-02  -1.50631499E-02  -3.88201141     -0.871341527     -0.190195844      -7.86621273E-02
  -67.9156494      0.338961661      -46175.9141      -41.2095490      0.799880981      0.266049892       314547.500       262.537933      -461.008301       2.32453012       1.09968185E-02  -8.00859299E-04
   46343.3125       39.7593117      -74.1554260      0.403075904       24.4119415       8.02994442       503.205933      -2.76277280       315670.594       252.616837     -0.270311832      -2.49838643E-02
  0.101705514      -2.59715365E-03   3.04288417E-03   5.56275118E-05   1.61881232      0.560386240      -2.05754638E-02  -3.67177039E-04  0.686630487      -1.81795172E-02  -5.81327779E-03  -1.72282965E-03
   7559.59961      -1.56881881       12.0658197       1.58422995       46.3534775      0.800783992       81.8702393      -1.55746698       51440.3906      -1.56889665      0.556714356      -3.01474047    
   6741.14209       6.48246717      -10.5651245       7.42328465E-02   3.43540072       1.18768060       71.7007446     -0.508454084       45891.8281       40.9136887      -3.88299227E-02  -3.68212932E-03
   9.63953400      -6.57717139E-02   6717.31348       6.75284243     -0.119874835      -4.30988595E-02  -45731.9414      -42.7616196       65.4367065     -0.450373411      -1.56509876E-03   1.29296095E-04
 -0.566554308     -0.133123055       1.43392086E-02   2.48816656E-03   147.218933       26.5502148      -9.68017578E-02  -1.63956117E-02  -3.86281967     -0.926702917     -0.184958756      -8.11681449E-02
  -67.9812164      0.444711596      -46089.1445      -45.9907799      0.840633392      0.302995354       313946.469       291.231049      -461.403931       3.04698753       1.07302666E-02  -9.09389171E-04
   46257.5352       44.1570015      -74.4844208      0.502711773       24.2212296       8.37554264       505.411987      -3.44522047       315076.312       278.693420     -0.268535376      -2.59546638E-02
  0.102441438      -2.79981084E-03   3.14579159E-03   5.96343416E-05   1.60543287      0.587324679      -2.12363005E-02  -3.97895288E-04  0.691571057      -1.95849333E-02  -5.73531538E-03  -1.79554732E-03
   8017.08838      -1.56869185       12.8056135       1.58462358       62.6864853      0.705640376       86.8916397      -1.55712986       54550.1289      -1.56878114      0.643917263      -3.00055242    
   6728.11230       6.99956465      -10.5265179       9.12320390E-02   3.41237164       1.23372102       71.4300385     -0.624598861       45801.8281       43.7865028      -3.85877788E-02  -3.80914914E-03
   9.60832214      -8.08730200E-02   6704.12158       7.33636475     -0.110197663      -4.12839130E-02  -45640.8789      -46.0872421       65.2167969     -0.553813994      -1.59502029E-03   1.23379839E-04
 -0.564570665     -0.141536459       1.46467686E-02   2.76678242E-03   145.884430       27.4437351      -9.82818604E-02  -1.85367316E-02  -3.84724426     -0.984287679     -0.179946512      -8.34212899E-02
  -67.7521210      0.546240211      -46000.7930      -49.9692497      0.772336960      0.290137500       313335.906       313.908234      -459.830200       3.74255371       1.09419823E-02  -8.69015057E-04
   46170.2891       47.6816673      -74.2142487      0.617259026       24.0585861       8.70184612       503.569580      -4.22825861       314473.188       298.276184     -0.266858578      -2.68542171E-02
  0.103146821      -2.99557159E-03   3.03842872E-03   7.83395881E-05   1.59108150      0.612545550      -2.05088854E-02  -5.34785737E-04  0.696340084      -2.09469330E-02  -5.64927515E-03  -1.86197448E-03
   8475.39355      -1.56858504       13.3915224       1.58423078       81.2404175      0.644636452       90.8533401      -1.55755472       57664.9023      -1.56868660      0.738235533      -2.98822117    
   6712.60840       7.35968208      -10.3569889      0.113783844       3.36729574       1.26588452       70.2732239     -0.778598964       45694.9375       45.5142784      -3.82309258E-02  -3.89046851E-03
   9.42774963      -9.80255753E-02   6688.63672       7.77373695     -0.109383345      -4.24609333E-02  -45534.1289      -48.3414078       63.9904327     -0.670969129      -1.60375237E-03   1.24749902E-04
 -0.561711073     -0.150138885       1.42657757E-02   3.05326167E-03   144.585007       28.2545528      -9.73529816E-02  -2.07917504E-02  -3.82629013      -1.04288483     -0.175043061      -8.53836685E-02
  -66.4920502      0.662095308      -45896.4609      -52.9501915      0.766657829      0.297910154       312616.094       329.272919      -451.260742       4.53423166       1.10146999E-02  -8.75374710E-04
   46065.8242       50.1379623      -73.0224304      0.771700978       23.7416039       8.93150997       495.436157      -5.28349590       313752.594       310.065308     -0.264379740      -2.74355859E-02
  0.103146292      -3.19632818E-03   3.19954008E-03   7.23680496E-05   1.57707059      0.636247098      -2.16197968E-02  -4.99683432E-04  0.696282327      -2.23358553E-02  -5.55841485E-03  -1.92270544E-03
   8936.65527      -1.56850159       14.1619864       1.58360052       102.087921      0.601248920       96.0760727      -1.55815613       60799.0664      -1.56861651      0.840670109      -2.97788548    
   6697.61865       7.46296024      -10.3320503      0.140822157       3.34718609       1.30356717       70.1029510     -0.963160455       45591.3477       45.4152298      -3.79601717E-02  -3.98907298E-03
   9.42823410     -0.121063083       6673.50000       7.96685791     -0.115140796      -4.45434079E-02  -45429.5430      -48.8542442       63.9917145     -0.828212857      -1.56959891E-03   1.28954081E-04
 -0.560060024     -0.158644885       1.44450665E-02   3.34112020E-03   143.292542       28.9663239      -9.78069305E-02  -2.25203373E-02  -3.81300545      -1.10060751     -0.170128450      -8.69946778E-02
  -66.5033722      0.822084010      -45794.6055      -54.2700195      0.808162689      0.313079298       311912.656       332.793304      -451.335449       5.62694073       1.07569695E-02  -9.06653935E-04
   45965.0156       50.8461151      -72.8539886      0.956416249       23.6005440       9.19970417       494.271851      -6.54487896       313056.094       309.418396     -0.262501955      -2.81366128E-02
  0.103880391      -3.44083179E-03   3.28443199E-03   8.84034234E-05   1.56687868      0.659742892      -2.21781731E-02  -6.04135683E-04  0.701225698      -2.40285415E-02  -5.48462197E-03  -1.98140321E-03
   9397.70703      -1.56845677       15.0583696       1.58335674       125.073593      0.569239497       102.147339      -1.55841064       63931.3828      -1.56858575      0.950385034      -2.96914840    
   6681.85400       7.18040943      -10.3883839      0.170301348       3.33445120       1.34018064       70.4760284      -1.16447449       45482.5977       42.6052437      -3.77281010E-02  -4.08198545E-03
   9.48067474     -0.152759790       6657.53125       7.79371309     -0.115113616      -4.87908982E-02  -45319.3945      -46.7890167       64.3392639      -1.04463816      -1.55770779E-03   1.43638186E-04
 -0.558372498     -0.167283341       1.49290562E-02   3.77717288E-03   142.029861       29.5945473     -0.100414276      -2.57297121E-02  -3.79923439      -1.15938878     -0.165384158      -8.83168429E-02
  -66.8687897       1.03505707      -45687.3633      -53.0959129      0.808026314      0.342974544       311172.375       318.758728      -453.737061       7.08157825       1.06837749E-02  -1.01219234E-03
   45859.2109       48.9240646      -73.2553253       1.15611446       23.5102978       9.46003246       496.944824      -7.90872860       312325.656       290.291107     -0.260891914      -2.87924018E-02
  0.104856521      -3.68136284E-03   3.29605490E-03   7.92283754E-05   1.55634606      0.681528926      -2.22419500E-02  -5.27696568E-04  0.707798898      -2.56954897E-02  -5.40920440E-03  -2.03384226E-03
   9856.69043      -1.56845880       15.6319027       1.58411980       150.205643      0.544808269       106.025528      -1.55768025       67049.4609      -1.56860268       1.06748629      -2.96158862    
   6665.16650       6.44712830      -10.2127991      0.201965109       3.30481076       1.35970628       69.2863617      -1.38049996       45367.7578       36.6499825      -3.74163687E-02  -4.11675777E-03
   9.33012772     -0.179998249       6640.78516       7.18263721     -0.109649658      -4.72051352E-02  -45204.1992      -41.6652374       63.3168488      -1.23049819      -1.56977773E-03   1.37943411E-04
 -0.556542397     -0.176313937       1.55177116E-02   4.26671514E-03   140.832153       30.1537457     -0.105169296      -2.89333854E-02  -3.78542519      -1.22088683     -0.160870671      -8.94093513E-02
  -65.8141632       1.22382092      -45574.8359      -48.9358635      0.769218445      0.331724524       310398.156       283.868988      -446.583252       8.37001610       1.07717514E-02  -9.73604096E-04
   45747.0977       43.9305305      -72.0267029       1.37130690       23.3021011       9.60192108       488.583252      -9.37718201       311553.906       249.729294     -0.258734465      -2.90505346E-02
  0.105134793      -3.94077739E-03   3.06724757E-03   1.02303900E-04   1.54513824      0.701262295      -2.06889510E-02  -6.88341330E-04  0.709635079      -2.74766497E-02  -5.32541564E-03  -2.07931595E-03
   10310.2861      -1.56850791       16.2320957       1.58207822       177.596695      0.524876177       110.095230      -1.55973709       70130.1719      -1.56866729       1.19221628      -2.95521450    
   6646.43115       5.19565725      -10.0662956      0.242175043       3.27674699       1.37773156       68.2825928      -1.65476859       45238.8828       27.1011925      -3.70826721E-02  -4.15005442E-03
   9.16340256     -0.213320971       6622.02344       6.07450342     -0.112016320      -4.84655499E-02  -45075.1211      -33.0908890       62.1796417      -1.45762289      -1.56396627E-03   1.38977062E-04
 -0.554914951     -0.185719341       1.48487091E-02   4.44828486E-03   139.659683       30.6238899     -0.100637436      -3.02809458E-02  -3.77194977      -1.28442311     -0.156434432      -9.02010947E-02
  -64.6508789       1.45338011      -45448.2539      -41.3883133      0.786162376      0.341402113       309526.938       225.462708      -438.689209       9.93520164       1.07231140E-02  -9.81561258E-04
   45620.6875       35.4041901      -70.9863281       1.64717233       23.1043682       9.73264313       481.515991      -11.2593365       310684.094       184.667252     -0.256420374      -2.92938501E-02
  0.105276294      -4.23720200E-03   3.37153673E-03   1.06164742E-04   1.53623915      0.720152676      -2.27293372E-02  -7.18390860E-04  0.710523307      -2.95180995E-02  -5.24584111E-03  -2.12115701E-03
   10761.2783      -1.56861675       17.1079636       1.58046842       207.375687      0.507680058       116.017487      -1.56135058       73192.4531      -1.56879222       1.32524514      -2.95013022    
   6628.65039       3.24007440      -10.0909729      0.291475505       3.26490307       1.39508629       68.4473267      -1.99076855       45116.3750       12.6945219      -3.68133187E-02  -4.17396193E-03
   9.16609955     -0.253812045       6604.07031       4.28354168     -0.118760705      -5.28228655E-02  -44951.5039      -19.8030987       62.1946259      -1.73374259      -1.52343512E-03   1.52307301E-04
 -0.553818703     -0.194638267       1.49595737E-02   4.79384931E-03   138.501587       30.9947853     -0.101467133      -3.24381217E-02  -3.76297188      -1.34433424     -0.152021527      -9.06576961E-02
  -64.6678162       1.72956228      -45327.4883      -29.1878490      0.833721161      0.372427553       308695.125       134.936447      -438.770386       11.8191938       1.04305744E-02  -1.07333064E-03
   45501.1406       22.0798607      -71.1719513       1.98466504       23.0211487       9.85905552       482.722900      -13.5603676       309860.062       86.5011520     -0.254559040      -2.94692721E-02
  0.106102161      -4.56545502E-03   3.52014601E-03   1.28708067E-04   1.53042102      0.738508999      -2.37349272E-02  -8.62100162E-04  0.716071784      -3.17699015E-02  -5.18021034E-03  -2.16007582E-03
   11204.9814      -1.56879735       18.0667858       1.57944357       239.397827      0.492780834       122.501770      -1.56249058       76204.7969      -1.56898940       1.46552503      -2.94602537    
   6609.92871      0.431057334      -10.1552715      0.341330916       3.26585197       1.41495466       68.8787994      -2.33058906       44987.5547      -7.58917236      -3.65884006E-02  -4.20421734E-03
   9.24547195     -0.301635325       6585.11377       1.65757847     -0.118326664      -5.07599749E-02  -44821.1016     -0.763204813       62.7263794      -2.05983210      -1.51950121E-03   1.42569799E-04
 -0.553602457     -0.203577444       1.51412487E-02   4.97998903E-03   137.379715       31.2909393     -0.101829529      -3.38733271E-02  -3.76012421      -1.40478528     -0.147801012      -9.08734053E-02
  -65.2302551       2.05620313      -45199.9961      -11.2952347      0.831002235      0.357585371       307817.906       5.19714260      -442.517700       14.0470619       1.04129314E-02  -9.98118194E-04
   45375.3398       2.93579507      -71.6335297       2.32444668       23.0269890       10.0036745       485.823364      -15.8771009       308994.250      -51.7425079     -0.253000021      -2.96985824E-02
  0.107301563      -4.91218409E-03   3.48732620E-03   1.51043569E-04   1.52440894      0.755095124      -2.35392451E-02  -1.02347787E-03  0.724129260      -3.41491848E-02  -5.11172507E-03  -2.19288841E-03
   11639.5439      -1.56905925       18.5690346       1.57970464       273.685974      0.479753911       125.896652      -1.56215644       79154.7656      -1.56926823       1.61321747      -2.94265962    
   6590.27148      -3.31750393      -9.95723915      0.392916203       3.25442648       1.42192996       67.5322418      -2.68197870       44852.6445      -34.3165512      -3.63050103E-02  -4.19365801E-03
   9.07314491     -0.349729419       6565.36426      -1.88418055     -0.107176065      -4.66946140E-02  -44685.5625       24.5598602       61.5533447      -2.38728023      -1.54730678E-03   1.31717039E-04
 -0.553493261     -0.213815168       1.56350136E-02   5.68779511E-03   136.322968       31.5267277     -0.106117249      -3.84006090E-02  -3.75744057      -1.47319520     -0.143814355      -9.09056291E-02
  -64.0188904       2.38417888      -45067.1367       12.8419733      0.752290726      0.329332143       306905.844      -167.386063      -434.307861       16.2802734       1.06089115E-02  -9.29064408E-04
   45243.1680      -22.6190643      -70.2464447       2.67899680       22.9462242       10.0573769       476.362427      -18.2925701       308086.844      -233.954453     -0.251037598      -2.96366233E-02
  0.107705988      -5.31351008E-03   3.26380879E-03   1.51033746E-04   1.51781738      0.769547641      -2.20459700E-02  -1.03187258E-03  0.726809800      -3.69025543E-02  -5.03607746E-03  -2.21893401E-03
   12061.0322      -1.56940234       19.0589123       1.57696259       310.291687      0.467914730       129.215622      -1.56492925       82015.1562      -1.56962824       1.76799333      -2.94001961    
   6568.51367      -8.05034542      -9.76811600      0.451420486       3.22703409       1.41798568       66.2436218      -3.08011389       44703.3320      -67.7724228      -3.59460413E-02  -4.15242976E-03
   8.84692955     -0.399212778       6543.61035      -6.39048672     -0.114440799      -4.98080030E-02  -44536.2852       56.4785080       60.0187378      -2.72417545      -1.52623653E-03   1.38785370E-04
 -0.552284241     -0.224163562       1.50368214E-02   5.85413072E-03   135.294281       31.6829815     -0.101905823      -3.94260399E-02  -3.74733353      -1.54300392     -0.139922589      -9.06867981E-02
  -62.4298401       2.72280025      -44920.3125       43.5568237      0.803857803      0.352198809       305898.125      -384.948273      -423.502319       18.5865440       1.04675293E-02  -9.82326805E-04
   45096.2734      -54.8826370      -68.9120026       3.08029318       22.7530632       10.0348845       467.323242      -21.0245342       307078.594      -462.027496     -0.248553991      -2.93625202E-02
  0.107568108      -5.73525904E-03   3.54244560E-03   1.38234362E-04   1.51274669      0.782835901      -2.38978267E-02  -9.18475096E-04  0.725820601      -3.97921689E-02  -4.96134022E-03  -2.24072579E-03
   12474.3789      -1.56983554       19.8072815       1.57404673       349.620972      0.456317037       134.276031      -1.56785190       84819.4297      -1.57007849       1.93140626      -2.93833494    
   6548.37939      -14.0589542      -9.71894264      0.523121774       3.23206210       1.41980445       65.9051819      -3.56803441       44564.9570      -109.932045      -3.56878638E-02  -4.11677500E-03
   8.85319328     -0.461425424       6523.26465      -12.1362648     -0.120962977      -5.22294119E-02  -44396.5352       96.8551636       60.0605164      -3.14788413      -1.48794055E-03   1.43591533E-04
 -0.553282738     -0.234362856       1.47135258E-02   6.41055964E-03   134.273544       31.7412853      -9.89971161E-02  -4.31812666E-02  -3.75264931      -1.61150861     -0.136036873      -9.01564956E-02
  -62.4790497       3.15023208      -44783.4609       82.7266235      0.849234581      0.368563086       304957.656      -660.208069      -423.811646       21.4980907       1.01964474E-02  -1.01126626E-03
   44960.8789      -95.8513947      -68.5713654       3.57335496       22.7881355       10.0538025       464.934448      -24.3803825       306147.844      -749.493652     -0.246769428      -2.91298665E-02
  0.108496957      -6.23345561E-03   3.79675627E-03   1.55029920E-04   1.51242137      0.796344280      -2.56107450E-02  -1.02970982E-03  0.732014894      -4.31897491E-02  -4.90296213E-03  -2.26188893E-03
   12872.8213      -1.57037175       20.8751812       1.57162130       391.176758      0.445316255       141.486069      -1.57036161       87521.7969      -1.57063174       2.10125136      -2.93739462    
   6527.23486      -21.4468594      -9.82913589      0.610432565       3.24301386       1.41841841       66.6464996      -4.16240406       44419.7539      -161.501373      -3.54512930E-02  -4.06882260E-03
   8.94439316     -0.539045572       6501.87744      -19.2465458     -0.124823451      -5.56586310E-02  -44249.6641       146.541794       60.6702881      -3.67594743      -1.46275759E-03   1.56085691E-04
 -0.553440332     -0.243847191       1.47485733E-02   6.91709900E-03   133.274307       31.7189789      -9.97352600E-02  -4.66424450E-02  -3.75207710      -1.67502844     -0.132262841      -8.93791318E-02
  -63.1224060       3.68766165      -44639.5469       131.205521      0.876062393      0.392798752       303969.281      -998.986450      -428.109253       25.1553364       1.00216866E-02  -1.10648968E-03
   44818.6875      -146.232574      -69.3481293       4.17442417       22.8648071       10.0504541       470.171509      -28.4727650       305171.000      -1101.17249     -0.245141506      -2.88099367E-02
  0.109731473      -6.73714373E-03   3.86935472E-03   1.52935798E-04   1.51193750      0.807937324      -2.60862708E-02  -1.02707488E-03  0.740297556      -4.66284491E-02  -4.84358286E-03  -2.27666483E-03
   13255.5547      -1.57101524       21.7100945       1.57152736       435.353180      0.434897542       147.122940      -1.57039583       90117.1953      -1.57129216       2.27874684      -2.93688869    
   6505.69775      -30.3382225      -9.81632423      0.693091333       3.25806546       1.41299653       66.5547638      -4.72465086       44272.1133      -223.311707      -3.52199972E-02  -4.01077652E-03
   8.91104507     -0.620056629       6480.07861      -27.8160725     -0.120081306      -5.21790572E-02  -44100.2930       206.170471       60.4355011      -4.22685862      -1.46505237E-03   1.46178412E-04
 -0.555004358     -0.254595250       1.59513950E-02   7.35730398E-03   132.335449       31.6580982     -0.108062744      -4.96330932E-02  -3.76110840      -1.74687636     -0.128757626      -8.85082111E-02
  -62.8949738       4.24264336      -44492.9492       189.634064      0.843425751      0.368089527       302964.219      -1405.55212      -426.531006       28.9301128       1.00505352E-02  -1.03434350E-03
   44673.9375      -206.872452      -69.2622986       4.74139309       22.9705353       10.0192871       469.547241      -32.3298492       304178.375      -1522.73352     -0.243555069      -2.84215063E-02
  0.110897385      -7.33956508E-03   3.51748616E-03   2.06639190E-04   1.51151669      0.817892611      -2.37295032E-02  -1.38877390E-03  0.748121023      -5.07450104E-02  -4.77938494E-03  -2.28662463E-03
   13617.9453      -1.57177567       21.8827019       1.56930089       481.602051      0.425017476       148.291595      -1.57274616       92573.8594      -1.57206929       2.46183372      -2.93686104    
   6482.46777      -40.7503700      -9.50343895      0.771012843       3.24026537       1.38917959       64.4273224      -5.25407839       44113.0078      -295.444946      -3.48776281E-02  -3.89875076E-03
   8.61626816     -0.685404003       6456.85449      -37.8872719     -0.112840772      -4.74019460E-02  -43941.2266       275.994385       58.4356232      -4.67111731      -1.48087740E-03   1.32242450E-04
 -0.555490255     -0.266094983       1.55899525E-02   7.53907394E-03   131.438095       31.5350418     -0.106113434      -5.09921275E-02  -3.76261616      -1.82356906     -0.125391781      -8.74661654E-02
  -60.8214722       4.69454575      -44336.4297       258.317291      0.792572975      0.335972071       301892.031      -1881.74402      -412.464844       32.0028191       1.01654530E-02  -9.43145016E-04
   44517.3398      -277.894592      -67.0619202       5.27757692       22.8442230       9.85860729       454.625732      -35.9735870       303105.594      -2014.76709     -0.241171598      -2.76526306E-02
  0.110660322      -7.99207017E-03   3.60529870E-03   2.11018545E-04   1.50987816      0.825272202      -2.42990255E-02  -1.41258002E-03  0.746434510      -5.51843308E-02  -4.70740162E-03  -2.28903885E-03
   13961.0781      -1.57264292       22.3630409       1.56568861       530.666016      0.415025353       151.530457      -1.57635224       94898.8906      -1.57295251       2.65220141      -2.93739510    
   6458.91895      -52.8560143      -9.34176636      0.859834135       3.24379039       1.36298943       63.3381042      -5.85747862       43951.6914      -379.060913      -3.45710218E-02  -3.76517186E-03
   8.46271133     -0.773214281       6433.17480      -49.6106224     -0.126809597      -5.34936301E-02  -43779.0430       357.021790       57.3927002      -5.26784897      -1.43232942E-03   1.48689534E-04
 -0.557233572     -0.277723372       1.53484344E-02   7.66406348E-03   130.552216       31.3333530     -0.104051590      -5.18617779E-02  -3.77307034      -1.90151203     -0.122068524      -8.61983076E-02
  -59.7400513       5.29587460      -44176.7578       338.276733      0.890869141      0.378762841       300798.094      -2434.40039      -405.125977       36.0894356       9.83786583E-03  -1.05763727E-03
   44358.5938      -360.476776      -65.9311218       5.88907051       22.8683205       9.68192387       446.952881      -40.1283112       302017.844      -2585.18701     -0.239059925      -2.67400444E-02
  0.111016162      -8.73319618E-03   3.90302390E-03   2.47128337E-04   1.51295388      0.833055794      -2.63344049E-02  -1.65676337E-03  0.748781383      -6.02329187E-02  -4.64638369E-03  -2.29178951E-03
   14287.8359      -1.57363033       23.2369518       1.56099486       582.558228      0.404778510       157.432526      -1.58111393       97111.8906      -1.57395518       2.84986043      -2.93860698    
   6437.26709      -66.9272156      -9.36473083      0.975151241       3.26360941       1.34378922       63.4822693      -6.64104271       43803.1758      -476.000824      -3.43291461E-02  -3.65910819E-03
   8.48758125     -0.866418362       6411.27441      -63.2817993     -0.133199453      -5.61120175E-02  -43628.8594       451.253784       57.5532532      -5.90150833      -1.40449405E-03   1.61447737E-04
 -0.559692621     -0.289343894       1.47945881E-02   8.14407598E-03   129.670715       31.0434723     -0.100261688      -5.51899374E-02  -3.78744984      -1.97900569     -0.118752643      -8.46753791E-02
  -59.9080200       5.94304657      -44029.5938       431.539307      0.935592651      0.397809684       299788.312      -3077.24585      -406.229858       40.4903793       9.61685181E-03  -1.14198436E-03
   44213.1953      -456.484711      -66.0953674       6.68852806       23.0080032       9.55490494       447.985291      -45.5615578       301020.000      -3246.61865     -0.237398863      -2.60145999E-02
  0.112175651      -9.54853836E-03   4.16733325E-03   1.72715183E-04   1.51930177      0.840263724      -2.80961394E-02  -1.15090655E-03  0.756529629      -6.57694042E-02  -4.59480239E-03  -2.29193666E-03
   14590.4297      -1.57473958       24.3754292       1.55789411       636.686584      0.394560993       165.108978      -1.58419156       99160.0078      -1.57507932       3.05243897      -2.94033790    
   6414.79590      -82.9818268      -9.49616623       1.11011684       3.29546022       1.32152522       64.3664551      -7.55806446       43649.0703      -586.386536      -3.41072381E-02  -3.52953328E-03
   8.61511421     -0.984871566       6388.46045      -78.8825302     -0.137915134      -6.20664358E-02  -43472.4609       558.567627       58.4097290      -6.70618248      -1.37805939E-03   1.85490077E-04
 -0.562333584     -0.300103784       1.50868893E-02   8.92932154E-03   128.802414       30.6843014     -0.102006912      -5.99623993E-02  -3.80424595      -2.05037165     -0.115524933      -8.29605833E-02
  -60.8155060       6.76109076      -43876.2422       537.973938      0.968339920      0.438515455       298736.906      -3809.39844      -412.340576       46.0483017       9.44209099E-03  -1.31550373E-03
   44062.2617      -566.046448      -67.0209656       7.61464214       23.2310905       9.40675449       454.215454      -51.8546677       299984.500      -3999.93530     -0.235880613      -2.51328275E-02
  0.113766789      -1.04214195E-02   4.20579314E-03   2.11309627E-04   1.52559721      0.845513821      -2.83585787E-02  -1.40099705E-03  0.767204106      -7.17047453E-02  -4.54132166E-03  -2.28597876E-03
   14868.1406      -1.57597113       25.2287827       1.55660784       693.714783      0.384546191       170.864944      -1.58542836       101038.789      -1.57632518       3.26202393      -2.94225740    
   6392.09961      -101.065163      -9.50558090       1.23487377       3.32696199       1.29182053       64.4216156      -8.40513515       43493.6602      -710.508118      -3.38810980E-02  -3.38529539E-03
   8.59676743      -1.10912681       6365.41650      -96.4899216     -0.128696084      -5.82696348E-02  -43314.7031       679.469116       58.2821503      -7.54989195      -1.38613582E-03   1.81858995E-04
 -0.565668583     -0.311912805       1.56984329E-02   9.91702080E-03   127.986855       30.2989254     -0.106203079      -6.68587163E-02  -3.82547283      -2.12897468     -0.112540036      -8.12174305E-02
  -60.6880493       7.61751127      -43721.3281       658.126099      0.904136658      0.413798481       297676.062      -4634.43018      -411.398438       51.8645973       9.50098038E-03  -1.29501440E-03
   43909.8164      -689.462585      -67.0941467       8.47502518       23.4521961       9.20719624       454.644775      -57.6977844       298940.281      -4847.05371     -0.234325409      -2.41520982E-02
  0.115104564      -1.13616399E-02   4.00388986E-03   1.66035010E-04   1.53226507      0.849291682      -2.69992948E-02  -1.09394582E-03  0.776149631      -7.80894086E-02  -4.48339712E-03  -2.27652863E-03
   15116.6426      -1.57733560       25.2428551       1.55689621       752.643738      0.374691129       170.946350      -1.58530104       102718.617      -1.57770288       3.47516203      -2.94448900    
   6368.16602      -121.197121      -9.17342949       1.33989072       3.33138371       1.23903179       62.1695404      -9.11730480       43329.8984      -848.463806      -3.35557759E-02  -3.17088584E-03
   8.28505325      -1.20385563       6341.43115      -116.114258     -0.127393723      -5.06315194E-02  -43150.6328       813.994507       56.1738892      -8.19297695      -1.38631463E-03   1.54582580E-04
 -0.569255829     -0.325580329       1.72230005E-02   1.05520822E-02   127.208672       29.8629284     -0.115943909      -7.10484982E-02  -3.84791088      -2.22030616     -0.109676413      -7.93625116E-02
  -58.4976501       8.27407169      -43559.8984       792.037476      0.894159317      0.359750003       296571.469      -5552.41260      -396.557373       56.3217888       9.50598717E-03  -1.09934504E-03
   43748.7266      -826.871277      -64.7601318       9.20148659       23.4832191       8.84579086       438.869629      -62.6241760       297837.688      -5788.66992     -0.232073784      -2.26735584E-02
  0.115190729      -1.24539668E-02   3.67992371E-03   2.57705222E-04   1.53743839      0.850297570      -2.48044133E-02  -1.72504038E-03  0.776640475      -8.54953527E-02  -4.41770349E-03  -2.25975551E-03
   15335.2969      -1.57880867       25.4798603       1.54900491       814.122131      0.364703208       172.530167      -1.59314740       104195.023      -1.57918823       3.69265938      -2.94707060    
   6343.42041      -143.372437      -8.95315170       1.47032404       3.34643459       1.18481624       60.6738586      -10.0024738       43160.6406      -1000.19836      -3.32437754E-02  -2.95255962E-03
   8.08323097      -1.29695749       6316.56641      -137.729080     -0.139508843      -5.24534509E-02  -42980.5508       961.942078       54.8047028      -8.82384491      -1.35350227E-03   1.61489064E-04
 -0.573539972     -0.339285791       1.58268213E-02   9.92629398E-03   126.443306       29.3692799     -0.106893539      -6.75657168E-02  -3.87541866      -2.31130910     -0.106860816      -7.73682967E-02
  -57.0802002       8.90965176      -43392.2383       939.546204      0.980324745      0.373859704       295424.250      -6562.07764      -386.959351       60.6293755       9.27352905E-03  -1.13974744E-03
   43581.9062      -978.247437      -63.2033234       10.1053162       23.5881500       8.47386837       428.283569      -68.7579803       296696.312      -6824.47266     -0.229912996      -2.11697686E-02
  0.115488969      -1.36305010E-02   4.21566516E-03   2.20393675E-04   1.54544353      0.850746810      -2.84231901E-02  -1.45166856E-03  0.778557718      -9.34585407E-02  -4.35569789E-03  -2.24120356E-03
   15533.0439      -1.58042741       26.2628632       1.54479313       879.197083      0.354180485       177.811966      -1.59739745       105528.281      -1.58081818       3.91688299      -2.95012164    
   6322.20068      -168.420761      -8.95328712       1.60515785       3.38624239       1.13378751       60.6701660      -10.9164200       43015.1289      -1171.33850      -3.30131054E-02  -2.73498776E-03
   8.06438637      -1.45479095       6294.95117      -162.160690     -0.148267865      -5.70646152E-02  -42832.4062       1128.91565       54.6696930      -9.89504814      -1.30623579E-03   1.83467928E-04
 -0.579416275     -0.353345275       1.53347254E-02   1.09950695E-02   125.669106       28.7911320     -0.103982925      -7.42220506E-02  -3.91344357      -2.40501738     -0.104033805      -7.51687735E-02
  -56.9502563       10.0102491      -43247.4023       1106.34583       1.04175186      0.405913055       294431.281      -7702.05273      -386.010864       68.0986176       8.95214081E-03  -1.30041433E-03
   43439.8125      -1149.26587      -63.2129059       11.0310392       23.8676186       8.12585449       428.310791      -75.0340424       295721.750      -7992.95117     -0.228323460      -1.96741428E-02
  0.116867520      -1.49471890E-02   4.55947220E-03   1.48193067E-04   1.55956972      0.851801097      -3.07380557E-02  -9.69032641E-04  0.787753046     -0.102395065      -4.30674432E-03  -2.22395128E-03
   15698.6328      -1.58215868       27.3223019       1.53653514       946.439575      0.343495190       184.940002      -1.60555577       106642.383      -1.58255982       4.14329529      -2.95355415    
   6300.72363      -195.743561      -9.05345535       1.82892287       3.43426752       1.08621573       61.3409882      -12.4350462       42867.8672      -1357.83167      -3.27954292E-02  -2.53715343E-03
   8.16230965      -1.57939589       6273.08984      -188.850296     -0.153464317      -5.55439852E-02  -42682.5938       1311.13257       55.3271027      -10.7397337      -1.28802657E-03   1.84936885E-04
 -0.584502935     -0.366109729       1.47597790E-02   1.04855243E-02   124.900124       28.1518192     -0.100057602      -7.10469186E-02  -3.94624996      -2.48950100     -0.101249576      -7.28303343E-02
  -57.6432037       10.8670101      -43100.8984       1288.55396       1.07806396      0.395230025       293426.719      -8946.05469      -390.671021       73.9079361       8.82768631E-03  -1.29846553E-03
   43296.0078      -1335.84473      -63.9161835       12.5877695       24.2046509       7.80230379       432.994019      -85.5998840       294735.156      -9266.46973     -0.226845026      -1.83187071E-02
  0.118540704      -1.63570996E-02   4.77930158E-03   1.51755637E-04   1.57410669      0.850801110      -3.21991444E-02  -9.96790011E-04  0.798959196     -0.111939415      -4.25641844E-03  -2.20105494E-03
   15832.2910      -1.58400297       28.4267178       1.53452456       1016.51172      0.332701087       192.381088      -1.60765338       107538.891      -1.58441401       4.37348747      -2.95720148    
   6279.68750      -225.610855      -9.16774750       2.01304269       3.50091934       1.02848756       62.1035767      -13.6834497       42723.6289      -1561.49451      -3.26177478E-02  -2.29837326E-03
   8.25433159      -1.78681445       6251.55664      -217.999741     -0.159787059      -5.24450690E-02  -42534.9844       1509.94824       55.9387665      -12.1458111      -1.26716495E-03   1.76772010E-04
 -0.592807531     -0.380090833       1.57109499E-02   1.18541718E-02   124.148834       27.4698925     -0.106725693      -7.97691345E-02  -4.00062275      -2.58197975      -9.85948220E-02  -7.04249591E-02
  -58.2899628       12.3039551      -42956.7461       1487.59619       1.12267876      0.375144452       292438.375      -10303.6562      -394.999023       83.6501617       8.67772102E-03  -1.24755129E-03
   43155.3906      -1539.83105      -64.7218704       13.8539152       24.6734047       7.40986109       438.398071      -94.1842651       293770.500      -10657.4551     -0.225637674      -1.66796185E-02
  0.120748267      -1.79406963E-02   4.72899526E-03   1.37362629E-04   1.58955550      0.848225951      -3.18763852E-02  -9.08255577E-04  0.813737094     -0.122651786      -4.20342805E-03  -2.17457907E-03
